 PDE 2002 01 03 10 17 36.30  -17.6600  168.0000  10.0 6.6 6.4 VANUATU ISLANDS
event name:         C010302H
time shift:          12.2783
half duration:        5.2000
latitude:           -17.8400
longitude:          167.8200
depth:               20.0000
Mrr:            1.040913E+26
Mtt:            2.491808E+24
Mpp:           -1.065831E+26
Mrt:            1.280274E+25
Mrp:           -5.879684E+25
Mtp:            9.243010E+24
