 PDE 2001 01 16 13 25 09.80   -4.0200  101.7800  28.0 6.8 6.8 SOUTHERN SUMATRA, INDONESIA
event name:         C011601D
time shift:           4.1001
half duration:        6.8000
latitude:            -4.3800
longitude:          101.4200
depth:               20.0000
Mrr:            1.013626E+26
Mtt:           -6.139196E+25
Mpp:           -3.997060E+25
Mrt:            1.877661E+26
Mrp:           -9.729369E+25
Mtp:            5.457063E+25
