 PDE 1998 01 12 10 14 07.60  -30.9900  -71.4100  34.8 6.6 6.2 NEAR COAST OF CENTRAL CHILE
event name:         C011298G
time shift:           7.1137
half duration:        4.9000
latitude:           -31.2500
longitude:          -71.8700
depth:               35.0000
Mrr:            6.892116E+25
Mtt:            9.072510E+23
Mpp:           -6.982841E+25
Mrt:            5.543204E+24
Mrp:           -5.164352E+25
Mtp:            6.809367E+24
