 PDE 1998 01 12 16 36 20.20  -15.8500 -179.3800  23.4 6.7 6.7 FIJI ISLANDS REGION
event name:         C011298J
time shift:           6.2520
half duration:        5.2000
latitude:           -15.7800
longitude:         -179.1900
depth:               15.0000
Mrr:            1.270759E+25
Mtt:           -7.806090E+25
Mpp:            6.523229E+25
Mrt:           -4.598937E+24
Mrp:            4.840986E+23
Mtp:            1.241713E+26
