 PDE 1998 01 10 08 20 05.80   14.3700  -91.4700  33.0 6.6 6.2 GUATEMALA
event name:         C011098D
time shift:           9.9324
half duration:        5.1000
latitude:            14.3700
longitude:          -91.9300
depth:               55.0000
Mrr:           -2.522757E+25
Mtt:           -1.401662E+25
Mpp:            3.924420E+25
Mrt:            7.070529E+25
Mrp:           -6.368524E+25
Mtp:           -3.459547E+25
