 PDE 1998 01 14 17 24 10.40  -15.7300 -179.3300  33.0 6.5 6.5 FIJI ISLANDS REGION
event name:         C011498E
time shift:           3.3247
half duration:        4.4000
latitude:           -15.4900
longitude:         -179.1500
depth:               15.0000
Mrr:            5.306517E+24
Mtt:           -5.955482E+25
Mpp:            5.424830E+25
Mrt:            2.464661E+25
Mrp:           -1.534556E+24
Mtp:            6.100738E+25
