 PDE 2003 01 10 13 11 56.90   -5.3100  153.7000  71.9 6.6 0.0 NEW IRELAND REGION, P.N.G.
event name:         C011003C
time shift:           2.7874
half duration:        4.7000
latitude:            -5.4400
longitude:          153.6100
depth:               41.0000
Mrr:            1.044365E+26
Mtt:           -4.676075E+25
Mpp:           -5.767573E+25
Mrt:            6.697826E+24
Mrp:            1.401582E+25
Mtp:            5.643539E+25
