 PDE 2002 01 10 11 14 56.90   -3.2100  142.4300  11.0 6.7 6.6 NEAR N COAST OF NEW GUINEA, PNG.
event name:         C011002D
time shift:           7.4600
half duration:        5.7000
latitude:            -3.2100
longitude:          142.6800
depth:               18.0000
Mrr:            7.389010E+25
Mtt:           -3.513655E+25
Mpp:           -3.875355E+25
Mrt:           -7.233996E+24
Mrp:            1.076832E+26
Mtp:            7.802381E+25
