 PDE 2004 01 28 22 15 30.70   -3.1200  127.4000  17.4 6.6 6.5 SERAM, INDONESIA
event name:         C012804H
time shift:           5.5820
half duration:        5.0000
latitude:            -3.1100
longitude:          127.3000
depth:               16.8000
Mrr:           -1.841139E+25
Mtt:            4.233518E+25
Mpp:           -2.381354E+25
Mrt:            9.591564E+24
Mrp:            8.246540E+25
Mtp:            8.059119E+25
