 PDE 2004 01 25 11 43 11.90  -16.8300 -174.2000 129.8 6.6 0.0 TONGA ISLANDS
event name:         C012504B
time shift:           4.6995
half duration:        5.1000
latitude:           -16.7500
longitude:         -173.7900
depth:              143.4000
Mrr:            7.090866E+25
Mtt:           -5.491946E+25
Mpp:           -1.598921E+25
Mrt:           -9.384970E+24
Mrp:            9.350211E+25
Mtp:           -6.905484E+25
