 PDE 1999 01 28 08 10 05.40   52.8900 -169.1200  67.2 6.6 6.1 FOX ISLANDS, ALEUTIAN ISLANDS
event name:         C012899B
time shift:           4.7143
half duration:        4.9000
latitude:            52.8600
longitude:         -169.1000
depth:               51.1000
Mrr:            5.533517E+25
Mtt:           -4.725797E+25
Mpp:           -8.077201E+24
Mrt:           -7.961964E+25
Mrp:            3.583994E+24
Mtp:            3.074411E+25
