 PDE 2000 01 28 14 21 07.30   43.0500  146.8400  61.1 6.8 6.6 KURIL ISLANDS
event name:         C012800B
time shift:           4.6085
half duration:        6.4000
latitude:            43.0800
longitude:          146.8100
depth:               50.0000
Mrr:            6.075189E+25
Mtt:            7.167762E+25
Mpp:           -1.324295E+26
Mrt:            1.608844E+26
Mrp:            7.539957E+25
Mtp:           -1.087771E+26
