 PDE 2002 02 05 13 27 24.70   -5.3400  151.2500  39.0 6.6 6.3 NEW BRITAIN REGION, P.N.G.
event name:         C020502B
time shift:          10.1564
half duration:        5.0000
latitude:            -5.7400
longitude:          151.3900
depth:               48.0000
Mrr:            7.675330E+25
Mtt:           -8.038702E+25
Mpp:            3.633721E+24
Mrt:            3.932908E+25
Mrp:           -5.880210E+24
Mtp:           -3.057088E+25
