 PDE 2004 02 08 08 58 51.80   -3.6600  135.3400  25.7 6.7 6.9 IRIAN JAYA REGION, INDONESIA
event name:         C020804C
time shift:           4.1781
half duration:        5.3000
latitude:            -3.7200
longitude:          135.4000
depth:               12.0000
Mrr:           -4.471859E+25
Mtt:           -8.988662E+25
Mpp:            1.348299E+26
Mrt:           -4.853877E+25
Mrp:            4.528038E+25
Mtp:            5.168480E+24
