 PDE 2000 02 06 11 33 52.30   -5.8400  150.8800  33.0 6.6 6.8 NEW BRITAIN REGION, P.N.G.
event name:         C020600C
time shift:           7.2782
half duration:        5.4000
latitude:            -6.0600
longitude:          151.1900
depth:               45.0000
Mrr:            6.771090E+25
Mtt:           -4.810448E+25
Mpp:           -1.959623E+25
Mrt:            6.112110E+25
Mrp:            2.919065E+25
Mtp:           -3.153323E+25
