 PDE 2003 02 19 03 32 36.40   53.6500 -164.6400  19.0 6.6 6.6 UNIMAK ISLAND REGION, ALASKA
event name:         C021903C
time shift:           7.0575
half duration:        4.9000
latitude:            53.4100
longitude:         -164.5300
depth:               28.0000
Mrr:            6.978302E+25
Mtt:           -6.035581E+25
Mpp:           -9.318850E+24
Mrt:            7.379229E+25
Mrp:            4.052616E+25
Mtp:           -3.066552E+25
