 PDE 1994 02 11 21 17 31.50  -18.8100  169.1600 204.0 6.8 0.0 VANUATU ISLANDS
event name:         C021194C
time shift:           6.6375
half duration:        6.5000
latitude:           -18.8900
longitude:          169.0800
depth:              223.3000
Mrr:            1.563010E+26
Mtt:            1.858594E+25
Mpp:           -1.749989E+26
Mrt:            8.609993E+25
Mrp:           -1.352519E+26
Mtp:           -6.023636E+25
