 PDE 1996 02 16 15 22 57.80   37.3400  142.4700  33.0 6.7 6.2 OFF EAST COAST OF HONSHU, JAPAN
event name:         C021696C
time shift:           7.8384
half duration:        5.8000
latitude:            37.3200
longitude:          142.3100
depth:               39.7000
Mrr:           -3.392899E+24
Mtt:            4.231086E+25
Mpp:           -3.891796E+25
Mrt:            9.776167E+25
Mrp:            8.060645E+25
Mtp:           -8.632820E+24
