 PDE 1996 02 16 09 44 58.10   -1.5200  -15.2200  10.0 6.5 6.3 NORTH OF ASCENSION ISLAND
event name:         C021696A
time shift:           8.3034
half duration:        4.7000
latitude:            -1.1100
longitude:          -15.2500
depth:               15.0000
Mrr:           -5.117047E+24
Mtt:            3.936190E+25
Mpp:           -3.424485E+25
Mrt:            9.385353E+24
Mrp:            3.526580E+25
Mtp:           -8.856428E+25
