 PDE 2001 02 13 14 22 05.80   13.6700  -88.9400  10.0 6.5 6.5 EL SALVADOR
event name:         C021301B
time shift:          11.4365
half duration:        4.6000
latitude:            13.9800
longitude:          -88.9700
depth:               15.0000
Mrr:           -4.071504E+24
Mtt:           -1.687366E+25
Mpp:            2.094516E+25
Mrt:           -6.589960E+24
Mrp:            2.527900E+25
Mtp:           -7.869126E+25
