 PDE 1998 02 16 23 53 19.70   52.7200  -33.6800  10.0 6.7 6.6 REYKJANES RIDGE
event name:         C021698C
time shift:           8.7742
half duration:        5.7000
latitude:            52.7600
longitude:          -33.7800
depth:               15.0000
Mrr:           -1.088302E+25
Mtt:           -2.669203E+25
Mpp:            3.757504E+25
Mrt:            6.335060E+25
Mrp:            2.703570E+25
Mtp:           -1.504147E+26
