 PDE 1996 02 18 23 49 28.00   -1.2800  -14.2700  10.0 6.6 6.4 NORTH OF ASCENSION ISLAND
event name:         C021896K
time shift:           9.0853
half duration:        5.0000
latitude:            -0.7700
longitude:          -14.0000
depth:               15.0000
Mrr:           -9.440170E+24
Mtt:            5.135598E+25
Mpp:           -4.191581E+25
Mrt:           -2.518594E+25
Mrp:            3.744479E+25
Mtp:           -9.884842E+25
