 PDE 2001 02 28 12 30 14.10  -21.9900  170.2100  10.0 6.6 6.5 SOUTHEAST OF LOYALTY ISLANDS
event name:         C022801E
time shift:          10.8411
half duration:        5.3000
latitude:           -22.1100
longitude:          169.8700
depth:               17.0000
Mrr:            1.072910E+26
Mtt:           -4.561034E+25
Mpp:           -6.168066E+25
Mrt:            5.066001E+25
Mrp:           -5.159298E+25
Mtp:            5.874182E+25
