 PDE 2001 02 28 18 54 32.80   47.1500 -122.7300  51.9 6.8 6.6 WASHINGTON
event name:         C022801L
time shift:           4.4523
half duration:        6.1000
latitude:            47.1400
longitude:         -122.5300
depth:               46.8000
Mrr:           -9.405952E+25
Mtt:           -5.290848E+24
Mpp:            9.925239E+25
Mrt:           -5.878720E+24
Mrp:           -1.423630E+26
Mtp:           -1.861595E+24
