 PDE 2004 02 21 02 34 42.70  -58.4200  -14.9600  10.0 6.6 6.5 EAST OF SOUTH SANDWICH ISLANDS
event name:         C022104A
time shift:           9.1684
half duration:        4.8000
latitude:           -58.6200
longitude:          -14.9000
depth:               17.3000
Mrr:           -6.079603E+24
Mtt:           -2.764568E+25
Mpp:            3.376198E+25
Mrt:            2.776800E+25
Mrp:            4.966436E+24
Mtp:            1.091148E+26
