 PDE 1996 03 03 14 55 11.80   11.6600  -86.8600  33.0 6.6 6.5 NEAR COAST OF NICARAGUA
event name:         C030396B
time shift:           9.1342
half duration:        4.9000
latitude:            11.5500
longitude:          -87.1300
depth:               35.5000
Mrr:            7.357860E+25
Mtt:           -4.972779E+25
Mpp:           -2.385080E+25
Mrt:            5.471782E+25
Mrp:           -2.386158E+25
Mtp:            3.999563E+25
