 PDE 2000 03 03 22 22 40.70   -6.8200  143.8100  10.0 6.5 6.7 NEW GUINEA, PAPUA NEW GUINEA
event name:         C030300D
time shift:           9.1566
half duration:        4.7000
latitude:            -6.9200
longitude:          143.8500
depth:               16.0000
Mrr:            8.298145E+25
Mtt:           -5.604840E+25
Mpp:           -2.693305E+25
Mrt:            3.346915E+25
Mrp:           -6.730562E+24
Mtp:            4.402414E+25
