 PDE 1994 03 14 20 51 25.40   15.9800  -92.4000 169.0 6.8 6.2 MEXICO-GUATEMALA BORDER REGION
event name:         C031494C
time shift:           5.7041
half duration:        6.9000
latitude:            15.9800
longitude:          -92.6400
depth:              167.6000
Mrr:            5.943254E+25
Mtt:           -1.532117E+26
Mpp:            9.377916E+25
Mrt:            1.164034E+26
Mrp:           -2.005702E+26
Mtp:            8.440125E+24
