 PDE 1998 03 14 19 40 27.00   30.1500   57.6000   9.0 6.6 6.9 NORTHERN AND CENTRAL IRAN
event name:         C031498F
time shift:           5.5313
half duration:        5.0000
latitude:            29.9500
longitude:           57.6000
depth:               15.0000
Mrr:           -2.412548E+25
Mtt:           -5.305958E+25
Mpp:            7.718506E+25
Mrt:           -3.784086E+25
Mrp:           -3.350589E+25
Mtp:            5.225643E+25
