 PDE 1997 03 11 19 22 00.10    7.7400  127.6500  10.0 6.8 6.7 PHILIPPINE ISLANDS REGION
event name:         C031197I
time shift:          11.0430
half duration:        6.5000
latitude:             7.6400
longitude:          127.6300
depth:               15.0000
Mrr:           -2.505654E+26
Mtt:           -6.868051E+24
Mpp:            2.573151E+26
Mrt:           -5.920733E+23
Mrp:            6.512807E+25
Mtp:           -3.505074E+25
