 PDE 1996 03 17 14 48 56.70  -14.7000  167.3000 164.0 6.7 6.0 VANUATU ISLANDS
event name:         C031796A
time shift:           6.7699
half duration:        5.4000
latitude:           -14.5700
longitude:          167.1900
depth:              171.4000
Mrr:            1.114588E+26
Mtt:           -1.430248E+24
Mpp:           -1.100285E+26
Mrt:           -5.244987E+25
Mrp:           -2.443713E+25
Mtp:            6.230517E+25
