 PDE 2003 03 11 07 27 32.70   -4.6900  153.2400  40.2 6.8 6.8 NEW IRELAND REGION, P.N.G.
event name:         C031103A
time shift:          12.4479
half duration:        6.0000
latitude:            -4.5200
longitude:          153.0800
depth:               37.0000
Mrr:            5.805842E+25
Mtt:            1.318083E+26
Mpp:           -1.903898E+26
Mrt:           -9.655482E+25
Mrp:           -2.426947E+25
Mtp:           -2.217727E+25
