 PDE 1997 03 26 02 08 57.20   51.2800  179.5300  33.0 6.6 6.5 RAT ISLANDS, ALEUTIAN ISLANDS
event name:         C032697A
time shift:           8.5734
half duration:        5.2000
latitude:            51.2300
longitude:          179.5400
depth:               31.1000
Mrr:            8.490235E+25
Mtt:           -8.678369E+25
Mpp:            1.881340E+24
Mrt:            7.632080E+25
Mrp:            4.623036E+25
Mtp:           -3.288495E+25
