 PDE 1998 03 20 21 08 08.50  -50.0100  163.1100  10.0 6.7 6.1 AUCKLAND ISLANDS, N.Z. REGION
event name:         C032098D
time shift:          12.4743
half duration:        5.1000
latitude:           -50.0600
longitude:          162.8900
depth:               15.0000
Mrr:            1.120863E+25
Mtt:            1.409252E+26
Mpp:           -1.522506E+26
Mrt:            3.374266E+25
Mrp:           -1.389403E+25
Mtp:           -1.879781E+25
