 PDE 1996 03 22 03 24 20.00   51.2200  178.7000  20.0 6.7 6.6 RAT ISLANDS, ALEUTIAN ISLANDS
event name:         C032296A
time shift:           9.3796
half duration:        5.6000
latitude:            51.2400
longitude:          178.7200
depth:               19.1000
Mrr:            8.747792E+25
Mtt:           -9.386992E+25
Mpp:            6.391999E+24
Mrt:            1.000810E+26
Mrp:            4.017110E+25
Mtp:           -1.852273E+25
