 PDE 2001 03 24 06 27 53.60   34.0800  132.5300  50.0 6.8 6.5 WESTERN HONSHU, JAPAN
event name:         C032401C
time shift:           6.5284
half duration:        6.2000
latitude:            33.9700
longitude:          132.5200
depth:               47.4000
Mrr:           -1.403009E+26
Mtt:           -4.930546E+25
Mpp:            1.896063E+26
Mrt:            1.298540E+25
Mrp:            6.795366E+25
Mtp:           -7.801002E+25
