 PDE 1998 04 03 22 01 48.20   -8.1500  -74.2400 164.6 6.6 5.6 PERU-BRAZIL BORDER REGION
event name:         C040398E
time shift:           7.7894
half duration:        4.9000
latitude:            -7.9600
longitude:          -74.4800
depth:              153.7000
Mrr:            1.428657E+25
Mtt:            3.753774E+24
Mpp:           -1.805269E+25
Mrt:            1.937392E+25
Mrp:           -1.121687E+26
Mtp:           -2.378213E+25
