 PDE 1999 04 13 10 38 48.40  -21.4200 -176.4600 164.2 6.8 0.0 FIJI ISLANDS REGION
event name:         C041399B
time shift:           5.4873
half duration:        6.3000
latitude:           -21.5400
longitude:         -175.8900
depth:              172.8000
Mrr:           -2.603864E+25
Mtt:            3.007117E+25
Mpp:           -4.032532E+24
Mrt:           -5.449680E+25
Mrp:           -2.026636E+26
Mtp:            5.253814E+25
