 PDE 2001 04 19 21 43 42.30   -7.4100  155.8700  17.0 6.6 6.6 SOLOMON ISLANDS
event name:         C041901I
time shift:           8.0105
half duration:        5.1000
latitude:            -7.5600
longitude:          155.7900
depth:               16.0000
Mrr:            9.546504E+25
Mtt:           -6.354026E+25
Mpp:           -3.192478E+25
Mrt:            7.332758E+25
Mrp:           -1.828218E+25
Mtp:            4.864939E+25
