 PDE 1995 04 17 23 28 08.30   45.9000  151.2900  34.0 6.7 6.3 KURIL ISLANDS
event name:         C041795F
time shift:           7.9202
half duration:        5.8000
latitude:            45.8000
longitude:          151.4600
depth:               41.5000
Mrr:            1.171336E+26
Mtt:           -5.396554E+25
Mpp:           -6.305447E+25
Mrt:            4.646717E+25
Mrp:            1.089536E+26
Mtp:           -6.884867E+25
