 PDE 2002 04 18 16 08 36.80  -27.5300  -70.5900  62.0 6.6 0.0 NEAR COAST OF NORTHERN CHILE
event name:         C041802F
time shift:           5.6470
half duration:        4.6000
latitude:           -27.4400
longitude:          -70.7300
depth:               53.0000
Mrr:            4.267294E+25
Mtt:            3.065871E+25
Mpp:           -7.333165E+25
Mrt:            7.901473E+24
Mrp:            5.259340E+25
Mtp:           -7.916428E+25
