 PDE 2003 04 17 14 50 48.60  -54.6200    1.4300  10.0 6.5 6.0 BOUVET ISLAND REGION
event name:         C041703C
time shift:          17.7084
half duration:        4.3000
latitude:           -54.3200
longitude:            2.4900
depth:               15.0000
Mrr:           -9.040128E+24
Mtt:            8.213287E+25
Mpp:           -7.309274E+25
Mrt:            7.165955E+24
Mrp:           -2.535646E+24
Mtp:           -8.819637E+23
