 PDE 1995 04 21 00 09 56.20   12.0000  125.7000  33.0 6.8 6.9 SAMAR, PHILIPPINES
event name:         C042195B
time shift:           5.5292
half duration:        6.3000
latitude:            12.0800
longitude:          125.7700
depth:               15.0000
Mrr:            1.033374E+26
Mtt:           -2.949943E+24
Mpp:           -1.003874E+26
Mrt:            2.949943E+24
Mrp:            1.797677E+26
Mtp:            3.048274E+25
