 PDE 2004 04 23 01 50 30.20   -9.3600  122.8400  65.8 6.6 0.0 SAVU SEA
event name:         C042304A
time shift:           4.1533
half duration:        5.2000
latitude:            -9.6900
longitude:          123.0100
depth:               52.3000
Mrr:           -4.073847E+25
Mtt:            6.383878E+25
Mpp:           -2.298651E+25
Mrt:            1.043497E+26
Mrp:            4.415231E+25
Mtp:           -2.970039E+25
