 PDE 1997 04 22 09 31 23.20   11.1100  -60.8900   5.0 6.6 6.5 WINDWARD ISLANDS
event name:         C042297C
time shift:          10.1629
half duration:        5.2000
latitude:            11.2800
longitude:          -61.0500
depth:               15.0000
Mrr:           -6.709579E+25
Mtt:            9.971090E+25
Mpp:           -3.261511E+25
Mrt:           -3.212192E+25
Mrp:            7.229576E+25
Mtp:           -2.574257E+25
