 PDE 1997 04 28 12 07 37.80  -42.5000   42.6900  10.0 6.7 6.3 PRINCE EDWARD ISLANDS REGION
event name:         C042897C
time shift:           9.8053
half duration:        5.2000
latitude:           -42.0300
longitude:           42.7500
depth:               15.0000
Mrr:           -3.538617E+24
Mtt:            4.913622E+25
Mpp:           -4.559760E+25
Mrt:           -3.033100E+24
Mrp:           -3.639720E+24
Mtp:            1.409380E+26
