 PDE 2003 05 04 13 15 18.70  -30.5300 -178.2300  62.4 6.7 6.5 KERMADEC ISLANDS, NEW ZEALAND
event name:         C050403A
time shift:           5.7028
half duration:        5.2000
latitude:           -30.6500
longitude:         -177.7300
depth:               41.0000
Mrr:            1.113091E+26
Mtt:            3.875835E+24
Mpp:           -1.151850E+26
Mrt:            1.368654E+25
Mrp:            8.163478E+25
Mtp:           -3.609372E+25
