 PDE 1997 05 01 11 37 36.10   18.9900 -107.3500  33.0 6.9 6.8 OFF COAST OF JALISCO, MEXICO
event name:         C050197D
time shift:           3.9565
half duration:        7.0000
latitude:            18.9600
longitude:         -107.1500
depth:               15.0000
Mrr:           -1.964167E+25
Mtt:           -1.869508E+26
Mpp:            2.064742E+26
Mrt:           -1.857676E+25
Mrp:            9.039902E+25
Mtp:           -2.469408E+26
