 PDE 2004 05 03 04 36 50.00  -37.6900  -73.4100  21.0 6.6 6.5 NEAR COAST OF CENTRAL CHILE
event name:         C050304A
time shift:           4.7796
half duration:        4.9000
latitude:           -37.9500
longitude:          -73.7500
depth:               24.0000
Mrr:            6.539310E+25
Mtt:            5.393246E+23
Mpp:           -6.593243E+25
Mrt:            6.283131E+25
Mrp:           -1.059773E+26
Mtp:            1.806737E+25
