 PDE 1999 05 17 10 07 56.50   -5.1600  152.8800  27.0 6.6 6.9 NEW BRITAIN REGION, P.N.G.
event name:         C051799B
time shift:           5.7926
half duration:        5.1000
latitude:            -5.4300
longitude:          152.8200
depth:               26.0000
Mrr:            3.996935E+25
Mtt:           -4.415413E+25
Mpp:            4.184781E+24
Mrt:            7.751758E+25
Mrp:            1.616515E+25
Mtp:            4.685702E+24
