 PDE 1995 05 18 00 06 26.70   -0.9500  -21.9900  10.0 6.8 6.1 CENTRAL MID-ATLANTIC RIDGE
event name:         C051895A
time shift:          11.1950
half duration:        6.2000
latitude:            -0.6300
longitude:          -21.8700
depth:               15.0000
Mrr:           -3.658058E+24
Mtt:            6.107848E+25
Mpp:           -5.753127E+25
Mrt:           -4.544860E+24
Mrp:            6.052423E+25
Mtp:           -1.833463E+26
