 PDE 1998 05 13 23 02 05.70   -5.1500  151.7100  61.4 6.6 0.0 NEW BRITAIN REGION, P.N.G.
event name:         C051398C
time shift:           8.4623
half duration:        5.3000
latitude:            -5.2700
longitude:          152.2400
depth:               42.4000
Mrr:            7.726203E+25
Mtt:           -7.280005E+25
Mpp:           -4.461971E+24
Mrt:            5.269656E+25
Mrp:            7.791211E+24
Mtp:           -3.452364E+25
