 PDE 2003 05 14 06 03 35.90   18.2700  -58.6300  41.5 6.6 6.5 NORTH ATLANTIC OCEAN
event name:         C051403B
time shift:           5.5883
half duration:        4.8000
latitude:            18.2900
longitude:          -58.7200
depth:               40.0000
Mrr:            3.237578E+25
Mtt:           -9.864130E+25
Mpp:            6.626553E+25
Mrt:            1.467391E+25
Mrp:           -5.636646E+25
Mtp:           -4.763199E+25
