 PDE 1995 05 23 22 10 11.30  -56.1000   -3.1500  10.0 6.7 6.6 SOUTHERN MID-ATLANTIC RIDGE
event name:         C052395D
time shift:          15.3380
half duration:        5.2000
latitude:           -55.8900
longitude:           -2.1400
depth:               15.0000
Mrr:           -3.992979E+24
Mtt:           -4.536468E+25
Mpp:            4.935766E+25
Mrt:            4.713934E+25
Mrp:           -3.371849E+25
Mtp:            1.467420E+26
