 PDE 1998 05 21 05 34 25.50    0.2100  119.5800  33.0 6.6 6.3 MINAHASSA PENINSULA, SULAWESI
event name:         C052198B
time shift:           2.9634
half duration:        5.0000
latitude:             0.3300
longitude:          119.6300
depth:               28.0000
Mrr:            3.609382E+25
Mtt:           -9.001517E+25
Mpp:            5.392135E+25
Mrt:            5.819349E+24
Mrp:           -5.089621E+25
Mtp:           -7.268413E+25
