 PDE 1998 05 22 04 48 50.40  -17.7300  -65.4300  24.0 6.5 6.6 CENTRAL BOLIVIA
event name:         C052298A
time shift:          11.9208
half duration:        4.7000
latitude:           -17.6000
longitude:          -65.2000
depth:               15.0000
Mrr:            4.083544E+24
Mtt:            1.591365E+25
Mpp:           -1.999719E+25
Mrt:           -1.729696E+25
Mrp:            6.385379E+24
Mtp:            8.979370E+25
