 PDE 2003 05 21 18 44 20.10   36.9600    3.6300  12.0 6.8 6.9 NORTHERN ALGERIA
event name:         C052103H
time shift:           9.6292
half duration:        6.2000
latitude:            36.9300
longitude:            3.5800
depth:               15.0000
Mrr:            2.089339E+26
Mtt:           -1.913394E+26
Mpp:           -1.726453E+25
Mrt:           -3.749813E+25
Mrp:            3.837785E+25
Mtp:           -7.444643E+25
