 PDE 2001 05 25 00 40 50.60   44.2700  148.3900  33.0 6.7 6.7 KURIL ISLANDS
event name:         C052501B
time shift:           7.8245
half duration:        5.6000
latitude:            44.1800
longitude:          148.6100
depth:               32.0000
Mrr:            9.110397E+25
Mtt:           -3.059134E+25
Mpp:           -6.051263E+25
Mrt:            4.206995E+25
Mrp:            1.042742E+26
Mtp:           -5.320806E+25
