 PDE 1998 05 30 06 22 29.00   37.1100   70.1100  33.0 6.5 6.9 AFGHANISTAN-TAJIKISTAN BORD REG.
event name:         C053098A
time shift:           6.6931
half duration:        5.0000
latitude:            37.3800
longitude:           70.0800
depth:               24.1000
Mrr:            6.087791E+24
Mtt:           -5.789391E+25
Mpp:            5.180612E+25
Mrt:            2.237998E+25
Mrp:            6.262039E+24
Mtp:           -6.254416E+25
