 PDE 2003 06 07 00 32 45.60   -5.0900  152.5000  33.0 6.5 6.8 NEW BRITAIN REGION, P.N.G.
event name:         C060703A
time shift:           6.9176
half duration:        4.5000
latitude:            -5.3300
longitude:          152.6400
depth:               30.0000
Mrr:            5.112587E+25
Mtt:           -4.940821E+25
Mpp:           -1.717668E+24
Mrt:            6.203811E+25
Mrp:            2.445150E+25
Mtp:           -1.677252E+25
