 PDE 2000 06 07 23 45 26.70   -4.6100  101.9000  33.0 6.7 6.7 SOUTHERN SUMATRA, INDONESIA
event name:         C060700D
time shift:           8.2296
half duration:        5.4000
latitude:            -4.6300
longitude:          101.8200
depth:               16.6000
Mrr:            1.497373E+26
Mtt:           -1.101746E+25
Mpp:           -1.387198E+26
Mrt:           -2.892084E+25
Mrp:           -6.147242E+25
Mtp:           -1.139306E+25
