 PDE 2000 06 11 11 55 12.30  -50.5800  139.5500  10.0 6.5 6.4 WESTERN INDIAN-ANTARCTIC RIDGE
event name:         C061100C
time shift:           9.4140
half duration:        4.6000
latitude:           -50.8000
longitude:          139.3800
depth:               15.0000
Mrr:           -2.636004E+23
Mtt:           -2.120264E+24
Mpp:            2.383865E+24
Mrt:            2.274986E+25
Mrp:            1.489916E+24
Mtp:           -8.789356E+25
