 PDE 2003 06 15 19 24 33.20   51.5500  176.9200  20.0 6.5 6.4 RAT ISLANDS, ALEUTIAN ISLANDS
event name:         C061503B
time shift:           8.4570
half duration:        4.3000
latitude:            51.5700
longitude:          176.7200
depth:               22.0000
Mrr:            4.075892E+25
Mtt:           -5.481747E+25
Mpp:            1.405856E+25
Mrt:            4.871453E+25
Mrp:            3.214941E+25
Mtp:           -6.898501E+24
