 PDE 2000 06 17 15 40 41.70   63.9700  -20.4900  10.0 6.5 6.6 ICELAND
event name:         C061700B
time shift:           6.5960
half duration:        4.4000
latitude:            63.9900
longitude:          -20.4700
depth:               15.0000
Mrr:           -1.048300E+25
Mtt:            1.333079E+25
Mpp:           -2.847789E+24
Mrt:           -1.749036E+24
Mrp:           -2.154902E+25
Mtp:            7.545520E+25
