 PDE 2002 06 13 01 27 19.50  -47.8000   99.7500  10.0 6.5 6.6 SOUTHEAST INDIAN RIDGE
event name:         C061302A
time shift:          11.5004
half duration:        4.6000
latitude:           -47.5500
longitude:           99.6500
depth:               15.0000
Mrr:           -2.099282E+24
Mtt:            8.710201E+25
Mpp:           -8.501486E+25
Mrt:            6.540538E+24
Mrp:           -1.189189E+24
Mtp:            3.836954E+25
