 PDE 2002 06 17 21 26 22.90  -12.5900  166.3800  33.0 6.7 6.7 SANTA CRUZ ISLANDS
event name:         C061702H
time shift:           9.7213
half duration:        5.8000
latitude:           -12.4900
longitude:          166.2500
depth:               44.0000
Mrr:            1.481378E+26
Mtt:            2.581189E+24
Mpp:           -1.506068E+26
Mrt:            6.172409E+24
Mrp:            4.174793E+25
Mtp:            3.142317E+25
