 PDE 1997 06 10 21 53 55.00  -35.8100 -108.1400  10.0 6.5 6.1 SOUTHERN EAST PACIFIC RISE
event name:         C061097B
time shift:           6.1431
half duration:        4.6000
latitude:           -35.9200
longitude:         -107.9600
depth:               15.0000
Mrr:           -4.248309E+24
Mtt:            5.193466E+25
Mpp:           -4.768635E+25
Mrt:            5.288961E+24
Mrp:           -1.221848E+25
Mtp:           -7.371490E+25
