 PDE 1995 06 21 15 28 51.40  -61.6200  154.7100  10.0 6.7 6.7 BALLENY ISLANDS REGION
event name:         C062195A
time shift:           8.9552
half duration:        5.5000
latitude:           -61.8500
longitude:          154.4600
depth:               15.0000
Mrr:           -1.118161E+25
Mtt:            1.442832E+26
Mpp:           -1.331016E+26
Mrt:            4.310984E+24
Mrp:           -5.792885E+24
Mtp:           -1.122203E+26
