 PDE 2003 06 20 13 30 41.60  -30.6100  -71.6400  33.0 6.8 6.8 NEAR COAST OF CENTRAL CHILE
event name:         C062003G
time shift:           7.5783
half duration:        5.8000
latitude:           -30.8800
longitude:          -71.9700
depth:               35.0000
Mrr:            1.583721E+26
Mtt:            2.453653E+24
Mpp:           -1.606027E+26
Mrt:            8.253196E+24
Mrp:           -1.126450E+26
Mtp:            2.788242E+24
