 PDE 2001 06 26 04 18 31.40  -17.7500  -71.6500  24.0 6.7 6.7 NEAR COAST OF PERU
event name:         C062601D
time shift:           7.8073
half duration:        5.8000
latitude:           -17.8700
longitude:          -72.0200
depth:               24.0000
Mrr:            1.041459E+26
Mtt:           -3.705360E+25
Mpp:           -6.709232E+25
Mrt:            6.496280E+25
Mrp:           -1.227980E+26
Mtp:            5.555534E+25
