 PDE 2003 06 23 12 12 34.50   51.4400  176.7800  20.0 6.9 7.0 RAT ISLANDS, ALEUTIAN ISLANDS
event name:         C062303A
time shift:          10.2991
half duration:        6.7000
latitude:            51.5500
longitude:          176.6000
depth:               28.8000
Mrr:            1.305332E+26
Mtt:           -1.886699E+26
Mpp:            5.901418E+25
Mrt:            1.941545E+26
Mrp:            1.239517E+26
Mtp:           -5.703973E+24
