 PDE 2004 06 28 09 49 47.00   54.8000 -134.2500  20.0 6.8 6.8 QUEEN CHARLOTTE ISLANDS REGION
event name:         C062804C
time shift:           5.3396
half duration:        5.9000
latitude:            55.0200
longitude:         -134.4600
depth:               12.0000
Mrr:           -3.283312E+24
Mtt:           -1.134235E+26
Mpp:            1.164083E+26
Mrt:            1.004892E+26
Mrp:            6.377584E+25
Mtp:            9.004233E+25
