 PDE 2002 06 22 02 58 21.30   35.6300   49.0500  10.0 6.5 6.4 WESTERN IRAN
event name:         C062202B
time shift:           6.4196
half duration:        4.6000
latitude:            35.8200
longitude:           48.9700
depth:               15.0000
Mrr:            5.551392E+25
Mtt:           -4.820178E+25
Mpp:           -7.312140E+24
Mrt:            3.556316E+25
Mrp:           -6.192263E+24
Mtp:            1.667582E+25
