 PDE 1997 07 06 09 54 00.80  -30.0600  -71.8700  19.0 6.8 6.5 NEAR COAST OF CENTRAL CHILE
event name:         C070697A
time shift:           8.4806
half duration:        5.0000
latitude:           -30.2200
longitude:          -72.2100
depth:               15.0000
Mrr:            1.279182E+26
Mtt:           -8.560307E+24
Mpp:           -1.193579E+26
Mrt:            6.322954E+24
Mrp:           -1.408560E+26
Mtp:            1.653696E+24
