 PDE 1996 07 16 10 07 36.60    1.0200  120.2500  33.0 6.5 6.4 MINAHASSA PENINSULA, SULAWESI
event name:         C071696C
time shift:           4.5824
half duration:        4.5000
latitude:             1.2700
longitude:          120.3500
depth:               21.0000
Mrr:            3.428213E+25
Mtt:           -3.451402E+25
Mpp:            2.318867E+23
Mrt:           -6.849005E+25
Mrp:           -8.273717E+24
Mtp:           -1.137172E+25
