 PDE 1999 07 11 14 14 16.50   15.7800  -88.3300  10.0 6.7 6.6 HONDURAS
event name:         C071199B
time shift:           9.3711
half duration:        5.4000
latitude:            16.0400
longitude:          -88.5300
depth:               15.0000
Mrr:            6.775363E+24
Mtt:           -6.572102E+25
Mpp:            5.883274E+25
Mrt:            3.636112E+25
Mrp:           -2.010024E+25
Mtp:            1.165362E+26
