 PDE 1997 07 19 14 22 08.80   16.3300  -98.2200  33.0 6.7 6.3 NEAR COAST OF GUERRERO, MEXICO
event name:         C071997D
time shift:          10.2033
half duration:        4.9000
latitude:            15.8600
longitude:          -98.2600
depth:               15.0000
Mrr:            5.177737E+25
Mtt:           -4.297609E+25
Mpp:           -8.801280E+24
Mrt:            8.200558E+25
Mrp:           -4.043525E+25
Mtp:            1.201445E+25
