 PDE 1996 07 16 03 48 28.30   56.0800  165.0000  33.0 6.5 6.4 KOMANDORSKIYE OSTROVA REGION
event name:         C071696A
time shift:           5.9498
half duration:        4.4000
latitude:            56.1600
longitude:          164.9800
depth:               15.0000
Mrr:           -4.500218E+24
Mtt:           -7.506269E+25
Mpp:            7.956291E+25
Mrt:           -1.098478E+25
Mrp:            1.450464E+25
Mtp:           -3.029674E+25
