 PDE 1996 07 15 21 23 34.00   17.6000 -100.9600  18.0 6.6 6.5 GUERRERO, MEXICO
event name:         C071596D
time shift:           8.0034
half duration:        5.1000
latitude:            17.5000
longitude:         -101.1200
depth:               22.4000
Mrr:            6.664213E+25
Mtt:           -5.248402E+25
Mpp:           -1.415811E+25
Mrt:            6.828566E+25
Mrp:           -2.851424E+25
Mtp:            2.331633E+25
