 PDE 1998 07 29 18 00 30.00   -2.6900  138.9000  33.0 6.7 6.7 IRIAN JAYA, INDONESIA
event name:         C072998C
time shift:           6.0584
half duration:        5.0000
latitude:            -2.7200
longitude:          138.9900
depth:               25.2000
Mrr:            7.642360E+24
Mtt:           -1.184222E+25
Mpp:            4.199856E+24
Mrt:           -7.174180E+25
Mrp:            4.096581E+25
Mtp:           -2.134353E+24
