 PDE 1997 08 08 22 27 19.90  -15.4800 -179.1400  10.0 6.6 6.6 FIJI ISLANDS REGION
event name:         C080897C
time shift:           6.7093
half duration:        5.0000
latitude:           -15.4800
longitude:         -178.7600
depth:               17.0000
Mrr:            7.127909E+23
Mtt:           -8.866394E+25
Mpp:            8.795115E+25
Mrt:            9.000495E+24
Mrp:            6.040601E+23
Mtp:            7.355035E+25
