 PDE 2000 08 04 21 13 02.70   48.7900  142.2500  10.0 6.8 7.1 SAKHALIN, RUSSIA
event name:         C080400G
time shift:           7.1439
half duration:        6.4000
latitude:            48.7700
longitude:          142.0300
depth:               15.0000
Mrr:            1.551750E+26
Mtt:            2.089486E+25
Mpp:           -1.760699E+26
Mrt:           -3.052288E+25
Mrp:           -8.798374E+25
Mtp:            5.131531E+25
