 PDE 2001 08 06 03 52 59.50  -55.5400 -123.4200  10.0 6.7 6.5 SOUTHERN EAST PACIFIC RISE
event name:         C080601B
time shift:          11.8724
half duration:        5.5000
latitude:           -55.6700
longitude:         -123.0500
depth:               15.0000
Mrr:           -1.492681E+26
Mtt:            1.704304E+26
Mpp:           -2.116234E+25
Mrt:            3.960866E+24
Mrp:            1.029825E+25
Mtp:           -3.112109E+25
