 PDE 2000 08 09 11 41 47.90   18.2000 -102.4800  45.8 6.5 6.5 MICHOACAN, MEXICO
event name:         C080900C
time shift:           3.7324
half duration:        4.3000
latitude:            18.1300
longitude:         -102.3900
depth:               33.0000
Mrr:            7.517689E+25
Mtt:           -6.796859E+25
Mpp:           -7.208302E+24
Mrt:            5.274629E+24
Mrp:           -1.342828E+24
Mtp:            2.600790E+25
