 PDE 2002 08 14 13 57 52.10   14.1000  146.2000  30.0 6.5 6.4 MARIANA ISLANDS
event name:         C081402E
time shift:           7.8885
half duration:        4.1000
latitude:            13.9800
longitude:          146.4300
depth:               38.0000
Mrr:            1.523208E+25
Mtt:           -3.333874E+25
Mpp:            1.810666E+25
Mrt:            5.652630E+25
Mrp:            3.523745E+25
Mtp:            2.192529E+25
