 PDE 2000 08 28 15 05 47.90   -4.1100  127.3900  16.0 6.8 6.8 BANDA SEA
event name:         C082800E
time shift:           7.9748
half duration:        5.8000
latitude:            -4.1800
longitude:          127.5900
depth:               15.0000
Mrr:            1.453213E+26
Mtt:           -1.488505E+26
Mpp:            3.529231E+24
Mrt:            9.456262E+25
Mrp:            3.425430E+25
Mtp:            2.179819E+25
