 PDE 1999 08 22 12 40 46.00  -16.1200  168.0400  33.0 6.5 6.2 VANUATU ISLANDS
event name:         C082299C
time shift:           3.5941
half duration:        5.2000
latitude:           -16.0800
longitude:          168.1900
depth:               15.0000
Mrr:            7.203409E+25
Mtt:            4.089118E+24
Mpp:           -7.612321E+25
Mrt:            8.471153E+24
Mrp:            5.108469E+25
Mtp:           -4.592935E+24
