 PDE 1998 08 23 13 57 15.40   11.6600  -88.0400  54.6 6.7 6.3 OFF COAST OF CENTRAL AMERICA
event name:         C082398C
time shift:           1.7713
half duration:        5.1000
latitude:            11.5800
longitude:          -88.5500
depth:               15.0000
Mrr:           -1.363273E+26
Mtt:            7.809821E+25
Mpp:            5.822911E+25
Mrt:           -1.389689E+25
Mrp:           -2.480767E+25
Mtp:           -7.063294E+25
