 PDE 2004 08 28 13 41 27.90  -34.9300  -70.3900   1.0 6.5 6.3 CHILE-ARGENTINA BORDER REGION
event name:         C082804C
time shift:           7.5258
half duration:        4.3000
latitude:           -35.2100
longitude:          -70.3600
depth:               16.0000
Mrr:           -2.116925E+24
Mtt:            4.434958E+25
Mpp:           -4.223266E+25
Mrt:            3.365911E+25
Mrp:           -1.439509E+25
Mtp:            5.059451E+25
