 PDE 1998 09 03 17 37 58.20  -29.4500  -71.7100  27.0 6.5 6.6 NEAR COAST OF CENTRAL CHILE
event name:         C090398F
time shift:           5.5332
half duration:        4.5000
latitude:           -29.5600
longitude:          -71.9700
depth:               34.0000
Mrr:            3.726816E+25
Mtt:            9.905196E+24
Mpp:           -4.718435E+25
Mrt:           -2.844033E+25
Mrp:           -6.713766E+25
Mtp:            3.847745E+24
