 PDE 1996 09 05 23 42 06.10   21.9000  121.5000  20.0 6.8 6.6 TAIWAN REGION
event name:         C090596L
time shift:          11.7816
half duration:        6.4000
latitude:            21.7800
longitude:          121.4500
depth:               30.8000
Mrr:            2.020386E+26
Mtt:           -1.140540E+25
Mpp:           -1.906332E+26
Mrt:           -2.094870E+25
Mrp:            5.423386E+25
Mtp:           -8.751901E+25
