 PDE 2004 09 06 12 42 59.40  -55.3700  -28.9800  10.0 6.8 6.5 SOUTH SANDWICH ISLANDS REGION
event name:         C090604C
time shift:           8.2528
half duration:        5.7000
latitude:           -55.4300
longitude:          -28.7900
depth:               12.0000
Mrr:            9.034234E+25
Mtt:           -9.034234E+25
Mpp:            0.000000E+00
Mrt:           -1.336611E+26
Mrp:            1.510456E+26
Mtp:            9.703965E+25
