 PDE 1998 09 02 08 37 29.90    5.4100  126.7600  50.0 6.8 6.7 MINDANAO, PHILIPPINES
event name:         C090298A
time shift:           5.2624
half duration:        6.6000
latitude:             5.4300
longitude:          126.9500
depth:               40.4000
Mrr:            2.069186E+26
Mtt:           -1.669729E+26
Mpp:           -3.994568E+25
Mrt:            5.820656E+24
Mrp:            7.167396E+25
Mtp:           -1.254294E+26
