 PDE 2004 09 06 23 29 35.10   33.2100  137.2300  10.0 6.6 6.3 NEAR S. COAST OF HONSHU, JAPAN
event name:         C090604M
time shift:           7.9126
half duration:        5.0000
latitude:            33.1400
longitude:          137.2800
depth:               12.0000
Mrr:            9.421407E+25
Mtt:           -1.304323E+26
Mpp:            3.656764E+25
Mrt:           -1.420781E+25
Mrp:            4.425383E+24
Mtp:           -9.433053E+24
