 PDE 2003 09 21 18 16 13.40   19.9200   95.6700  10.0 6.5 6.9 MYANMAR
event name:         C092103B
time shift:           9.5947
half duration:        4.7000
latitude:            19.8600
longitude:           95.7200
depth:               15.8000
Mrr:            1.787916E+25
Mtt:            1.491576E+25
Mpp:           -3.279492E+25
Mrt:            2.548521E+25
Mrp:           -5.531674E+23
Mtp:            7.615929E+25
