 PDE 1996 09 20 04 10 27.60    9.4600  126.2800  33.0 6.5 6.4 MINDANAO, PHILIPPINES
event name:         C092096E
time shift:           6.6162
half duration:        2.4000
latitude:             9.5300
longitude:          126.6600
depth:               22.0000
Mrr:            5.302578E+25
Mtt:            7.080689E+24
Mpp:           -6.011706E+25
Mrt:            1.913585E+25
Mrp:            5.193563E+25
Mtp:            4.498195E+24
