 PDE 2003 10 01 01 03 25.20   50.2100   87.7200  10.0 6.6 7.1 SOUTHWESTERN SIBERIA, RUSSIA
event name:         C100103B
time shift:           4.5268
half duration:        5.1000
latitude:            50.2400
longitude:           87.5900
depth:               15.0000
Mrr:            2.842097E+25
Mtt:           -1.367980E+26
Mpp:            1.084950E+26
Mrt:            3.879876E+25
Mrp:           -2.818511E+25
Mtp:           -1.827905E+25
