 PDE 2003 10 08 09 06 55.30   42.6500  144.5700  32.0 6.7 6.6 HOKKAIDO, JAPAN REGION
event name:         C100803A
time shift:           6.3237
half duration:        5.1000
latitude:            42.4800
longitude:          144.8200
depth:               36.0000
Mrr:            6.259064E+25
Mtt:           -3.681178E+25
Mpp:           -2.577886E+25
Mrt:            5.113337E+25
Mrp:            9.123381E+25
Mtp:           -4.285867E+25
