 PDE 2000 10 06 04 30 19.10   35.4600  133.1300  10.0 6.7 6.8 WESTERN HONSHU, JAPAN
event name:         C100600A
time shift:           5.6015
half duration:        5.8000
latitude:            35.3300
longitude:          133.2000
depth:               15.0000
Mrr:           -1.260924E+25
Mtt:            1.110863E+26
Mpp:           -9.837289E+25
Mrt:           -1.583970E+25
Mrp:           -4.585177E+24
Mtp:           -6.481773E+25
