 PDE 1996 10 09 13 10 52.10   34.5600   32.1300  33.0 6.8 6.8 CYPRUS REGION
event name:         C100996B
time shift:           6.2997
half duration:        6.9000
latitude:            34.5000
longitude:           32.0900
depth:               23.0000
Mrr:           -5.592455E+25
Mtt:            2.162416E+26
Mpp:           -1.603170E+26
Mrt:            8.586064E+25
Mrp:           -8.772479E+24
Mtp:           -2.741400E+25
