 PDE 2004 10 08 08 27 53.50  -10.9500  162.1600  36.0 6.7 6.9 SOLOMON ISLANDS
event name:         C100804B
time shift:           4.4344
half duration:        5.7000
latitude:           -10.8700
longitude:          162.2700
depth:               40.0000
Mrr:            6.465479E+25
Mtt:            5.652878E+24
Mpp:           -7.030767E+25
Mrt:            7.442956E+25
Mrp:            1.081113E+26
Mtp:            1.236567E+26
