 PDE 1996 10 14 23 26 20.00   -7.1300  155.5700  24.0 6.8 6.9 SOLOMON ISLANDS
event name:         C101496B
time shift:          12.2233
half duration:        6.3000
latitude:            -7.2300
longitude:          155.5100
depth:               19.0000
Mrr:            1.722805E+26
Mtt:           -1.294809E+26
Mpp:           -4.279963E+25
Mrt:            7.706338E+25
Mrp:           -4.917148E+25
Mtp:            8.944642E+25
