 PDE 1996 10 18 10 50 20.80   30.5700  131.0900  10.0 6.6 6.6 KYUSHU, JAPAN
event name:         C101896F
time shift:          10.7295
half duration:        5.9000
latitude:            30.4700
longitude:          131.2900
depth:               22.0000
Mrr:            5.253805E+25
Mtt:           -1.796105E+25
Mpp:           -3.457700E+25
Mrt:            6.572202E+25
Mrp:            5.312159E+25
Mtp:           -2.300518E+25
