 PDE 1995 10 19 02 41 37.90   28.0800  130.3100  31.0 6.7 6.8 RYUKYU ISLANDS, JAPAN
event name:         C101995B
time shift:           9.0571
half duration:        5.5000
latitude:            28.2100
longitude:          130.1600
depth:               16.8000
Mrr:           -1.105173E+26
Mtt:            2.587992E+25
Mpp:            8.463733E+25
Mrt:            2.576885E+25
Mrp:            1.269560E+26
Mtp:            4.753908E+25
