 PDE 2004 10 23 08 56 00.90   37.2300  138.7800  16.0 6.6 6.3 NEAR WEST COAST OF HONSHU, JAPAN
event name:         C102304D
time shift:           4.4729
half duration:        4.8000
latitude:            37.3100
longitude:          138.8300
depth:               13.0000
Mrr:            8.775940E+25
Mtt:           -1.675921E+25
Mpp:           -7.100018E+25
Mrt:           -2.457263E+25
Mrp:           -2.785653E+25
Mtp:           -4.121861E+25
