 PDE 2002 10 23 11 27 19.40   63.5100 -147.9100   4.2 6.6 6.7 CENTRAL ALASKA
event name:         C102302E
time shift:           5.4414
half duration:        5.7000
latitude:            63.5800
longitude:         -148.1300
depth:               15.8000
Mrr:           -4.666176E+24
Mtt:            3.674614E+25
Mpp:           -3.207996E+25
Mrt:           -1.866470E+24
Mrp:            2.333088E+24
Mtp:           -1.221372E+26
