 PDE 2000 10 25 09 32 24.00   -6.5500  105.6300  38.0 6.8 6.6 SUNDA STRAIT, INDONESIA
event name:         C102500D
time shift:           7.0530
half duration:        6.7000
latitude:            -7.2800
longitude:          105.4300
depth:               45.6000
Mrr:            1.504302E+26
Mtt:           -1.264882E+26
Mpp:           -2.394201E+25
Mrt:            1.126040E+26
Mrp:           -2.197418E+25
Mtp:            5.149173E+25
