 PDE 2000 11 07 00 18 04.90  -55.6300  -29.8800  10.0 6.7 6.7 SOUTH SANDWICH ISLANDS REGION
event name:         C110700A
time shift:           9.5917
half duration:        6.2000
latitude:           -55.3400
longitude:          -29.2400
depth:               16.0000
Mrr:            1.653972E+26
Mtt:           -1.617590E+26
Mpp:           -3.638178E+24
Mrt:           -1.539229E+26
Mrp:            1.469264E+25
Mtp:            4.673660E+25
