 PDE 2004 11 09 23 58 23.60  -11.1500  163.7100  13.0 6.9 6.7 SOLOMON ISLANDS
event name:         C110904F
time shift:           8.5564
half duration:        6.9000
latitude:           -11.3500
longitude:          163.7000
depth:               12.0000
Mrr:           -1.840364E+26
Mtt:            9.030358E+25
Mpp:            9.373282E+25
Mrt:           -1.428854E+26
Mrp:            1.417423E+25
Mtp:            2.400475E+26
