 PDE 2003 11 09 19 52 36.80   -0.6700  -19.6900  10.0 6.6 6.0 CENTRAL MID-ATLANTIC RIDGE
event name:         C110903F
time shift:          15.7857
half duration:        4.8000
latitude:            -0.2700
longitude:          -19.2600
depth:               15.0000
Mrr:           -4.279703E+24
Mtt:            3.588763E+25
Mpp:           -3.165949E+25
Mrt:            9.951598E+24
Mrp:           -2.083133E+25
Mtp:           -8.672844E+25
