 PDE 1995 11 01 00 35 32.30  -28.9600  -71.5000  20.0 6.6 6.4 NEAR COAST OF CENTRAL CHILE
event name:         C110195A
time shift:           6.3282
half duration:        5.2000
latitude:           -29.1100
longitude:          -71.6800
depth:               22.0000
Mrr:            9.001876E+25
Mtt:            9.493720E+24
Mpp:           -9.951248E+25
Mrt:            3.238159E+25
Mrp:           -8.238947E+25
Mtp:            1.167842E+25
