 PDE 2002 11 07 15 14 06.80   51.2000  179.3300  33.0 6.6 6.4 RAT ISLANDS, ALEUTIAN ISLANDS
event name:         C110702B
time shift:           8.7464
half duration:        5.2000
latitude:            51.2000
longitude:          179.2900
depth:               28.0000
Mrr:            6.796261E+25
Mtt:           -7.257196E+25
Mpp:            4.609346E+24
Mrt:            7.159626E+25
Mrp:            3.626916E+25
Mtp:           -2.077009E+25
