 PDE 2004 11 02 10 02 12.80   49.2800 -128.7700  10.0 6.6 6.4 VANCOUVER ISLAND, CANADA REGION
event name:         C110204F
time shift:           3.1064
half duration:        4.7000
latitude:            49.1700
longitude:         -129.1300
depth:               19.0000
Mrr:           -6.550726E+24
Mtt:           -9.754627E+25
Mpp:            1.040970E+26
Mrt:            1.333966E+25
Mrp:            4.525956E+24
Mtp:           -1.131489E+25
