 PDE 2000 11 18 02 05 48.80   -5.1000  153.1800  33.0 6.6 6.6 NEW IRELAND REGION, P.N.G.
event name:         C111800F
time shift:           6.6030
half duration:        5.3000
latitude:            -5.2400
longitude:          153.5200
depth:               19.0000
Mrr:            7.819770E+25
Mtt:            2.145216E+25
Mpp:           -9.964986E+25
Mrt:            6.930874E+25
Mrp:           -1.129662E+24
Mtp:           -1.889616E+25
