 PDE 2002 11 15 19 58 31.80  -56.0500  -36.4000  10.0 6.6 6.6 SOUTH GEORGIA ISLAND REGION
event name:         C111502B
time shift:          11.4641
half duration:        5.0000
latitude:           -55.9100
longitude:          -35.5100
depth:               15.0000
Mrr:            1.147300E+26
Mtt:           -1.157940E+26
Mpp:            1.076572E+24
Mrt:            1.770084E+25
Mrp:           -3.491347E+25
Mtp:            5.026087E+25
