 PDE 1997 11 18 13 07 41.70   37.5700   20.6600  33.0 6.6 6.4 IONIAN SEA
event name:         C111897B
time shift:          11.1341
half duration:        4.9000
latitude:            37.3300
longitude:           20.8400
depth:               22.9000
Mrr:            1.994985E+25
Mtt:            7.067436E+24
Mpp:           -2.701729E+25
Mrt:            6.014478E+25
Mrp:           -2.648947E+25
Mtp:            4.108954E+25
