 PDE 2004 11 11 17 34 52.00  -11.1300  162.2100  10.0 6.6 6.6 SOLOMON ISLANDS
event name:         C111104I
time shift:           8.1516
half duration:        4.8000
latitude:           -11.2000
longitude:          162.1700
depth:               12.0000
Mrr:            5.461549E+25
Mtt:           -4.691040E+25
Mpp:           -7.705090E+24
Mrt:            4.441758E+25
Mrp:           -7.410483E+25
Mtp:            6.039431E+25
