 PDE 2004 11 28 02 35 13.40  -26.5200 -113.8300  10.0 6.6 6.1 EASTER ISLAND REGION
event name:         C112804B
time shift:          12.4127
half duration:        4.6000
latitude:           -26.8200
longitude:         -114.0000
depth:               12.0000
Mrr:           -2.206542E+25
Mtt:           -3.335711E+25
Mpp:            5.542253E+25
Mrt:            4.143740E+23
Mrp:           -3.066368E+25
Mtp:           -7.634842E+25
