 PDE 2003 11 25 20 19 46.30   -5.5800  150.8800  35.0 6.5 6.4 NEW BRITAIN REGION, P.N.G.
event name:         C112503E
time shift:           8.7966
half duration:        4.5000
latitude:            -5.9200
longitude:          151.0200
depth:               43.0000
Mrr:            6.710104E+25
Mtt:           -7.130800E+25
Mpp:            4.206962E+24
Mrt:            4.122822E+25
Mrp:            5.048354E+24
Mtp:           -2.103481E+25
