 PDE 1995 11 24 17 24 12.50   44.5400  149.0900  33.0 6.5 6.3 KURIL ISLANDS
event name:         C112495D
time shift:           6.0830
half duration:        4.7000
latitude:            44.5200
longitude:          149.3500
depth:               33.5000
Mrr:            6.596599E+25
Mtt:           -2.514130E+25
Mpp:           -4.082469E+25
Mrt:            2.690446E+25
Mrp:            4.255519E+25
Mtp:           -4.575499E+25
