 PDE 1998 12 06 00 47 13.40    1.2500  126.2000  33.0 6.5 6.2 NORTHERN MOLUCCA SEA
event name:         C120698A
time shift:           8.7134
half duration:        4.7000
latitude:             1.5000
longitude:          126.5400
depth:               34.0000
Mrr:            8.568953E+25
Mtt:           -1.963409E+25
Mpp:           -6.605544E+25
Mrt:            2.396420E+25
Mrp:            1.664122E+25
Mtp:           -3.644511E+25
