 PDE 2003 12 05 21 26 09.50   55.5400  165.7800  10.0 6.6 6.5 KOMANDORSKIYE OSTROVA REGION
event name:         C120503F
time shift:           8.5383
half duration:        5.1000
latitude:            55.6800
longitude:          165.5300
depth:               18.0000
Mrr:            8.060274E+25
Mtt:           -9.667495E+25
Mpp:            1.619305E+25
Mrt:           -2.054343E+24
Mrp:           -4.277867E+25
Mtp:           -1.034422E+26
