 PDE 1996 12 02 22 17 59.20   31.7900  131.3100  49.0 6.7 6.6 KYUSHU, JAPAN
event name:         C120296D
time shift:           6.0399
half duration:        5.8000
latitude:            31.7600
longitude:          131.7200
depth:               33.4000
Mrr:            8.144631E+25
Mtt:           -2.310609E+25
Mpp:           -5.834022E+25
Mrt:            6.446280E+25
Mrp:            8.070096E+25
Mtp:           -3.342397E+25
