 PDE 2000 12 06 22 57 40.00   -4.2200  152.7300  31.0 6.5 6.6 NEW BRITAIN REGION, P.N.G.
event name:         C120600E
time shift:           5.5954
half duration:        4.3000
latitude:            -4.3700
longitude:          152.8700
depth:               30.0000
Mrr:            5.274533E+25
Mtt:            2.300816E+25
Mpp:           -7.576447E+25
Mrt:            4.115343E+25
Mrp:            5.115364E+24
Mtp:            2.129572E+25
