 PDE 1995 12 01 05 20 38.60   10.3400 -103.9400  67.1 6.6 0.0 NORTHERN EAST PACIFIC RISE
event name:         C120195A
time shift:          -2.0527
half duration:        4.8000
latitude:            10.3800
longitude:         -103.8800
depth:               15.0000
Mrr:           -2.653821E+24
Mtt:           -3.623188E+25
Mpp:            3.887459E+25
Mrt:            2.758197E+25
Mrp:           -6.740039E+24
Mtp:            8.458916E+25
