 PDE 2004 12 06 14 15 11.90   42.9000  145.2300  35.0 6.7 6.5 HOKKAIDO, JAPAN REGION
event name:         C120604A
time shift:           4.0018
half duration:        5.5000
latitude:            42.8200
longitude:          145.4100
depth:               36.0000
Mrr:            1.064246E+26
Mtt:           -5.604877E+25
Mpp:           -5.026235E+25
Mrt:            5.525455E+25
Mrp:            1.270741E+26
Mtp:           -7.272724E+25
