 PDE 1995 12 02 17 13 16.40   44.5700  149.1100   0.0 6.6 0.0 KURIL ISLANDS
event name:         C120295A
time shift:           9.5251
half duration:        5.6000
latitude:            44.4900
longitude:          149.9400
depth:               16.0000
Mrr:            6.598581E+25
Mtt:           -1.606808E+25
Mpp:           -4.991773E+25
Mrt:            3.287975E+25
Mrp:            5.100618E+25
Mtp:           -4.229860E+25
