 PDE 2002 12 12 08 30 42.80   -4.7900  153.2700  34.0 6.6 6.7 NEW IRELAND REGION, P.N.G.
event name:         C121202C
time shift:           7.9582
half duration:        5.1000
latitude:            -4.8100
longitude:          153.2100
depth:               45.0000
Mrr:            7.520917E+25
Mtt:            3.255237E+25
Mpp:           -1.077729E+26
Mrt:           -4.631666E+25
Mrp:           -3.883780E+25
Mtp:            1.471904E+25
