 PDE 2004 12 14 23 20 13.40   18.9600  -81.4100  10.0 6.8 6.7 NORTH OF HONDURAS
event name:         C121404B
time shift:           8.0583
half duration:        6.0000
latitude:            19.0500
longitude:          -81.5200
depth:               12.0000
Mrr:           -1.594811E+25
Mtt:           -8.179836E+25
Mpp:            9.774646E+25
Mrt:            1.003187E+25
Mrp:           -2.263602E+25
Mtp:            2.096404E+26
