 PDE 1997 12 17 04 38 51.50   51.1900  178.8700  20.0 6.6 6.5 RAT ISLANDS, ALEUTIAN ISLANDS
event name:         C121797A
time shift:           8.5716
half duration:        5.1000
latitude:            51.2500
longitude:          178.9200
depth:               22.0000
Mrr:            7.477314E+25
Mtt:           -7.983340E+25
Mpp:            5.060257E+24
Mrt:            7.388872E+25
Mrp:            2.473033E+25
Mtp:           -1.688245E+25
