 PDE 1996 12 10 08 36 18.70    0.8700  -30.0400  10.0 6.6 6.2 CENTRAL MID-ATLANTIC RIDGE
event name:         C121096B
time shift:           7.1755
half duration:        4.9000
latitude:             0.8600
longitude:          -29.6500
depth:               15.0000
Mrr:           -2.391043E+23
Mtt:            1.936745E+25
Mpp:           -1.912835E+25
Mrt:            4.782086E+23
Mrp:            3.670251E+25
Mtp:           -1.238560E+26
