 PDE 2003 12 10 04 38 11.60   23.0400  121.3600  10.0 6.8 6.7 TAIWAN
event name:         C121003B
time shift:          10.5852
half duration:        6.2000
latitude:            22.9400
longitude:          121.4300
depth:               25.0000
Mrr:            1.910294E+26
Mtt:           -1.367597E+25
Mpp:           -1.780047E+26
Mrt:           -3.321307E+25
Mrp:            4.471825E+25
Mtp:           -1.015929E+26
