 PDE 2003 12 21 07 40 45.80   -0.7700  -20.6000  10.0 6.5 5.8 CENTRAL MID-ATLANTIC RIDGE
event name:         C122103B
time shift:          20.7495
half duration:        4.2000
latitude:            -0.3900
longitude:          -20.1300
depth:               15.0000
Mrr:           -1.038463E+25
Mtt:            3.064836E+25
Mpp:           -2.022160E+25
Mrt:            3.507183E+24
Mrp:           -9.341957E+24
Mtp:           -7.751613E+25
