 PDE 2003 12 27 22 38 01.90  -21.6700  169.8400  10.0 6.7 6.7 SOUTHEAST OF LOYALTY ISLANDS
event name:         C122703K
time shift:          10.0119
half duration:        5.5000
latitude:           -21.7100
longitude:          169.7500
depth:               24.0000
Mrr:            1.396182E+26
Mtt:           -4.257211E+25
Mpp:           -9.716053E+25
Mrt:            2.918249E+25
Mrp:           -7.209792E+25
Mtp:            7.095351E+25
