 PDE 2003 12 26 21 26 04.10  -22.2700  169.3100  10.0 6.7 6.8 SOUTHEAST OF LOYALTY ISLANDS
event name:         C122603I
time shift:          10.9839
half duration:        5.7000
latitude:           -22.3300
longitude:          169.3900
depth:               15.0000
Mrr:           -1.840145E+26
Mtt:            9.505535E+25
Mpp:            8.952363E+25
Mrt:            1.083766E+25
Mrp:           -2.483632E+25
Mtp:           -8.873338E+25
