 PDE 2003 12 22 19 15 56.00   35.7100 -121.1000   7.6 6.5 6.4 CENTRAL CALIFORNIA
event name:         C122203C
time shift:           8.2122
half duration:        4.5000
latitude:            35.7500
longitude:         -121.1500
depth:               15.0000
Mrr:            7.970015E+25
Mtt:           -6.564804E+25
Mpp:           -1.415938E+25
Mrt:            3.336036E+25
Mrp:           -1.963005E+25
Mtp:            3.636386E+25
