 PDE 2003 12 26 01 56 52.40   29.0000   58.3100  10.0 6.6 6.8 SOUTHERN IRAN
event name:         C122603B
time shift:           6.8135
half duration:        4.8000
latitude:            29.1000
longitude:           58.2400
depth:               15.0000
Mrr:            9.914935E+24
Mtt:           -1.426537E+25
Mpp:            4.380783E+24
Mrt:           -4.815826E+25
Mrp:           -2.579907E+25
Mtp:            7.679016E+25
