 PDE 2000 12 20 16 49 43.30   -9.2300  154.3500  33.0 6.6 6.3 D'ENTRECASTEAUX ISLANDS REGION
event name:         C122000H
time shift:           5.1553
half duration:        5.2000
latitude:            -9.2900
longitude:          154.7100
depth:               15.0000
Mrr:           -8.408242E+24
Mtt:            2.575732E+25
Mpp:           -1.734908E+25
Mrt:           -3.002944E+24
Mrp:            6.209861E+24
Mtp:            1.059076E+26
