 PDE 1999 12 29 13 29 19.60  -10.8600  165.3500  33.0 6.8 6.8 SANTA CRUZ ISLANDS
event name:         C122999C
time shift:          22.3931
half duration:        6.0000
latitude:           -11.1400
longitude:          165.1900
depth:               15.0000
Mrr:            1.857793E+26
Mtt:           -4.215260E+25
Mpp:           -1.436267E+26
Mrt:            1.669527E+26
Mrp:           -1.266946E+26
Mtp:            6.453136E+25
