 PDE 2008 09 11 00 20 50.90   41.8900  143.7500  25.0 6.8 7.0 HOKKAIDO, JAPAN REGION
event name:   C200809110020A
time shift:           4.7961
half duration:        6.5000
latitude:            41.7900
longitude:          144.1100
depth:               20.0000
Mrr:            1.103604E+26
Mtt:           -4.545068E+25
Mpp:           -6.504867E+25
Mrt:            9.673905E+25
Mrp:            1.959800E+26
Mtp:           -6.643860E+25
