 PDE 2005 12 13 03 16 06.40  -15.2700 -178.5700  10.0 6.7 6.8 FIJI ISLANDS REGION
event name:   C200512130316A
time shift:           5.1441
half duration:        5.3000
latitude:           -15.0400
longitude:         -178.4300
depth:               15.0000
Mrr:           -2.096468E+25
Mtt:            1.313305E+25
Mpp:            7.831634E+24
Mrt:           -7.229201E+24
Mrp:           -1.192818E+25
Mtp:            1.506084E+26
