 PDE 2006 10 01 09 06 02.30   46.4700  153.2400  19.0 6.5 6.6 KURIL ISLANDS
event name:   C200610010906A
time shift:           6.1595
half duration:        4.6000
latitude:            46.3800
longitude:          153.6400
depth:               12.8000
Mrr:            7.578896E+25
Mtt:           -2.723844E+25
Mpp:           -4.855052E+25
Mrt:            2.473113E+25
Mrp:            4.513147E+25
Mtp:           -4.308004E+25
