 PDE 2007 09 26 12 36 26.90   -4.9900  153.5000  40.0 6.8 6.7 NEW IRELAND REGION, P.N.G.
event name:   C200709261236A
time shift:           9.9442
half duration:        5.8000
latitude:            -5.2000
longitude:          153.5200
depth:               47.1000
Mrr:            1.661164E+26
Mtt:           -6.034861E+25
Mpp:           -1.051369E+26
Mrt:            3.259245E+24
Mrp:            8.831504E+24
Mtp:            9.704140E+25
