 PDE 2007 11 27 11 49 58.00  -10.9500  162.1500  16.0 6.6 6.7 SOLOMON ISLANDS
event name:   C200711271150A
time shift:           4.6186
half duration:        4.7000
latitude:           -11.1300
longitude:          162.2000
depth:               26.1000
Mrr:            4.013391E+25
Mtt:           -3.637807E+25
Mpp:           -3.734386E+24
Mrt:            1.899386E+25
Mrp:           -6.653216E+25
Mtp:            5.054298E+25
