 PDE 2006 09 30 17 50 23.00   46.3500  153.1700  11.0 6.6 6.6 KURIL ISLANDS
event name:   C200609301750A
time shift:           6.0075
half duration:        4.7000
latitude:            46.2900
longitude:          153.4500
depth:               12.8000
Mrr:            7.663961E+25
Mtt:           -3.276372E+25
Mpp:           -4.387589E+25
Mrt:            2.852506E+25
Mrp:            5.189498E+25
Mtp:           -4.777088E+25
