 PDE 2005 04 10 10 29 11.30   -1.6400   99.6100  19.0 6.7 6.7 SOUTHERN SUMATRA, INDONESIA
event name:   C200504101029A
time shift:           6.3524
half duration:        5.4000
latitude:            -1.6800
longitude:           99.5400
depth:               12.0000
Mrr:            1.500155E+26
Mtt:           -5.861071E+25
Mpp:           -9.082334E+25
Mrt:           -3.221263E+25
Mrp:            4.616756E+25
Mtp:            6.105282E+25
