 PDE 2005 07 02 02 16 43.70   11.2400  -86.1700  27.0 6.6 6.4 NEAR COAST OF NICARAGUA
event name:   C200507020216A
time shift:          10.8682
half duration:        4.8000
latitude:            11.0600
longitude:          -86.7000
depth:               28.0000
Mrr:            6.510837E+25
Mtt:           -4.404390E+25
Mpp:           -2.096369E+25
Mrt:            6.107689E+25
Mrp:           -4.112108E+25
Mtp:            4.233052E+25
