 PDE 2005 03 20 01 53 41.80   33.8100  130.1300  10.0 6.6 6.7 KYUSHU, JAPAN
event name:   C200503200153A
time shift:           5.4285
half duration:        4.7000
latitude:            33.7200
longitude:          130.1500
depth:               12.0000
Mrr:           -3.417300E+24
Mtt:            8.995215E+25
Mpp:           -8.653485E+25
Mrt:            1.940144E+25
Mrp:           -1.510226E+25
Mtp:            4.343278E+25
