 PDE 2006 04 30 19 17 17.20  -27.0100  -70.9600  26.7 6.6 6.7 NEAR COAST OF NORTHERN CHILE
event name:   C200604301917A
time shift:           6.3915
half duration:        4.9000
latitude:           -27.1700
longitude:          -71.5200
depth:               15.4000
Mrr:            4.216954E+25
Mtt:            3.058450E+24
Mpp:           -4.522799E+25
Mrt:            9.082670E+24
Mrp:           -8.211475E+25
Mtp:           -1.946286E+24
