 PDE 2008 12 09 06 23 59.80  -31.2300 -176.9200  18.0 6.7 6.8 KERMADEC ISLANDS REGION
event name:   C200812090624A
time shift:           7.9635
half duration:        5.5000
latitude:           -31.0300
longitude:         -176.5400
depth:               18.8000
Mrr:           -1.598484E+26
Mtt:           -2.862401E+25
Mpp:            1.883485E+26
Mrt:           -2.304790E+25
Mrp:           -4.374145E+25
Mtp:            9.665250E+24
