 PDE 2006 09 01 10 18 51.60   -6.7600  155.5100  38.0 6.7 6.8 SOLOMON ISLANDS
event name:   C200609011018A
time shift:           6.7746
half duration:        5.7000
latitude:            -7.0100
longitude:          155.4200
depth:               45.6000
Mrr:            1.701220E+26
Mtt:           -1.058786E+26
Mpp:           -6.390768E+25
Mrt:            2.798060E+24
Mrp:           -3.189788E+25
Mtp:            9.770824E+25
