 PDE 2005 05 16 03 54 14.60  -32.5900 -179.3500  34.0 6.5 6.4 SOUTH OF KERMADEC ISLANDS
event name:   C200505160354A
time shift:           6.7618
half duration:        4.4000
latitude:           -32.7800
longitude:         -178.7800
depth:               46.0000
Mrr:            7.613278E+25
Mtt:           -4.220001E+24
Mpp:           -7.193745E+25
Mrt:           -2.467837E+23
Mrp:            4.096610E+25
Mtp:           -1.949591E+25
