 PDE 2006 09 28 06 22 09.70  -16.5900 -172.0300  28.0 6.9 6.9 SAMOA ISLANDS REGION
event name:   C200609280622A
time shift:           6.9487
half duration:        6.8000
latitude:           -16.6300
longitude:         -171.6600
depth:               15.5000
Mrr:           -2.997708E+26
Mtt:           -6.491099E+24
Mpp:            3.056718E+26
Mrt:            4.531967E+25
Mrp:            4.827017E+25
Mtp:            7.246427E+25
