 PDE 2006 12 26 12 34 13.80   21.9700  120.4900  10.0 6.9 7.1 TAIWAN REGION
event name:   C200612261234A
time shift:           9.7290
half duration:        6.9000
latitude:            22.0200
longitude:          120.4000
depth:               32.8000
Mrr:           -4.058913E+25
Mtt:            2.379363E+26
Mpp:           -1.970242E+26
Mrt:            2.271700E+26
Mrp:            1.561121E+25
Mtp:           -8.677677E+25
