 PDE 2005 01 19 06 11 36.40   34.0600  141.4900  27.8 6.5 6.4 OFF EAST COAST OF HONSHU, JAPAN
event name:   C200501190611A
time shift:          12.2840
half duration:        4.5000
latitude:            34.0100
longitude:          141.9500
depth:               15.0000
Mrr:            6.282235E+25
Mtt:           -1.741944E+24
Mpp:           -6.113660E+25
Mrt:           -1.026061E+25
Mrp:            6.596909E+25
Mtp:            2.865778E+24
