 PDE 2008 10 19 05 10 33.90  -21.8600 -173.8200  29.0 6.9 7.0 TONGA ISLANDS
event name:   C200810190510A
time shift:           6.8615
half duration:        6.9000
latitude:           -21.8200
longitude:         -173.5600
depth:               43.3000
Mrr:            3.394044E+26
Mtt:           -3.702593E+24
Mpp:           -3.357018E+26
Mrt:            3.887723E+25
Mrp:            6.664668E+24
Mtp:           -9.528007E+25
