 PDE 2007 03 25 00 41 57.80   37.3400  136.5900   8.0 6.7 6.8 NEAR WEST COAST OF HONSHU, JAPAN
event name:   C200703250041A
time shift:           5.3589
half duration:        5.3000
latitude:            37.2800
longitude:          136.6100
depth:               12.0000
Mrr:            1.060220E+26
Mtt:            1.952485E+25
Mpp:           -1.259668E+26
Mrt:            8.397785E+23
Mrp:           -3.149169E+25
Mtp:           -7.117123E+25
