 PDE 2005 05 14 05 05 18.50    0.5900   98.4600  34.0 6.7 6.8 NORTHERN SUMATRA, INDONESIA
event name:   C200505140505A
time shift:           5.7751
half duration:        5.6000
latitude:             0.4200
longitude:           98.2400
depth:               39.0000
Mrr:            1.147540E+26
Mtt:           -2.988148E+25
Mpp:           -8.453164E+25
Mrt:            6.430767E+25
Mrp:           -1.088458E+26
Mtp:            5.737699E+25
