 PDE 2006 10 17 01 25 12.20   -5.8800  150.9800  32.0 6.7 6.9 NEW BRITAIN REGION, P.N.G.
event name:   C200610170125A
time shift:           4.9445
half duration:        5.4000
latitude:            -6.0900
longitude:          151.2600
depth:               31.5000
Mrr:            1.639818E+26
Mtt:           -6.394112E+25
Mpp:           -1.003946E+26
Mrt:           -2.713369E+24
Mrp:           -6.205356E+25
Mtp:           -5.273373E+25
