 PDE 2006 05 16 15 28 25.90    0.0900   97.0500  12.0 6.8 6.8 NORTHERN SUMATRA, INDONESIA
event name:   C200605161528A
time shift:           5.6705
half duration:        6.2000
latitude:             0.0100
longitude:           96.9800
depth:               13.5000
Mrr:           -1.197278E+26
Mtt:            3.383133E+25
Mpp:            8.589643E+25
Mrt:            7.282524E+25
Mrp:           -8.666533E+25
Mtp:           -2.119950E+26
