 PDE 2006 03 31 13 21 00.40  -29.6100 -176.8200  17.0 6.5 6.7 KERMADEC ISLANDS REGION
event name:   C200603311321A
time shift:           8.7057
half duration:        4.5000
latitude:           -29.4900
longitude:         -176.4100
depth:               12.0000
Mrr:            6.622696E+25
Mtt:           -3.419034E+24
Mpp:           -6.286177E+25
Mrt:            1.669135E+25
Mrp:            8.036077E+25
Mtp:           -2.274869E+25
