 PDE 2006 03 14 06 57 33.90   -3.6000  127.2100  30.1 6.7 6.7 SERAM, INDONESIA
event name:   C200603140657A
time shift:           5.4581
half duration:        5.5000
latitude:            -3.3500
longitude:          127.3100
depth:               13.0000
Mrr:           -4.388894E+25
Mtt:            8.168220E+25
Mpp:           -3.779326E+25
Mrt:           -8.570535E+25
Mrp:           -6.571150E+25
Mtp:            1.438582E+26
