 PDE 2006 10 20 10 48 56.00  -13.4600  -76.6800  23.0 6.7 6.7 NEAR COAST OF PERU
event name:   C200610201048A
time shift:           5.1209
half duration:        5.4000
latitude:           -13.4600
longitude:          -76.9800
depth:               22.5000
Mrr:            7.580219E+25
Mtt:           -8.263320E+24
Mpp:           -6.764905E+25
Mrt:            2.919707E+25
Mrp:           -1.245007E+26
Mtp:            3.118026E+25
