 PDE 2005 09 29 15 50 24.00   -5.4400  151.8400  25.0 6.6 6.6 NEW BRITAIN REGION, P.N.G.
event name:   C200509291550A
time shift:           7.8315
half duration:        5.0000
latitude:            -5.6900
longitude:          152.0800
depth:               30.0000
Mrr:            8.448986E+25
Mtt:           -6.957989E+25
Mpp:           -1.479702E+25
Mrt:            6.732080E+25
Mrp:            4.213198E+25
Mtp:           -3.783971E+25
