 PDE 2005 01 01 06 25 44.80    5.1000   92.3000  11.7 6.7 6.7 OFF W COAST OF NORTHERN SUMATRA
event name:   C200501010625A
time shift:           4.8919
half duration:        5.2000
latitude:             4.9700
longitude:           92.2200
depth:               12.0000
Mrr:           -5.978031E+24
Mtt:           -7.690967E+25
Mpp:            8.288770E+25
Mrt:           -3.299413E+25
Mrp:           -4.345569E+25
Mtp:           -9.817767E+25
