 PDE 2005 02 26 12 56 52.60    2.9100   95.5900  36.0 6.7 6.7 OFF W COAST OF NORTHERN SUMATRA
event name:   C200502261256A
time shift:           7.7798
half duration:        5.9000
latitude:             2.8000
longitude:           95.4000
depth:               12.0000
Mrr:            3.477285E+25
Mtt:           -2.318190E+25
Mpp:           -1.172119E+25
Mrt:            1.213794E+26
Mrp:           -1.380495E+26
Mtp:            2.253072E+25
