 PDE 2008 02 25 18 06 03.90   -2.3300   99.8900  25.0 6.6 6.4 SOUTHERN SUMATRA, INDONESIA
event name:   C200802251806A
time shift:           5.2551
half duration:        5.7000
latitude:            -2.5800
longitude:           99.7300
depth:               15.0000
Mrr:            2.102835E+25
Mtt:           -1.241674E+25
Mpp:           -8.711745E+24
Mrt:            8.140975E+25
Mrp:           -5.757762E+25
Mtp:            1.301755E+25
