 PDE 2005 01 16 20 17 52.80   10.9300  140.8400  24.9 6.6 6.7 W. CAROLINE ISLANDS, MICRONESIA
event name:   C200501162017A
time shift:           4.3354
half duration:        4.8000
latitude:            10.8800
longitude:          140.8600
depth:               12.0000
Mrr:           -8.587708E+25
Mtt:            9.782417E+25
Mpp:           -1.206538E+25
Mrt:            6.233777E+25
Mrp:            6.860704E+24
Mtp:           -2.188328E+25
