 PDE 2009 10 08 08 28 48.00  -13.3000  165.9100  35.0 6.7 6.8 VANUATU ISLANDS
event name:   C200910080828A
time shift:           3.9589
half duration:        6.1000
latitude:           -13.1400
longitude:          166.0900
depth:               13.8000
Mrr:            1.518101E+26
Mtt:           -1.326844E+25
Mpp:           -1.386612E+26
Mrt:            5.450818E+25
Mrp:           -1.029201E+26
Mtp:            4.363045E+25
