 PDE 2007 09 20 08 31 14.50   -2.0000  100.1400  30.0 6.7 6.8 SOUTHERN SUMATRA, INDONESIA
event name:   C200709200831A
time shift:          10.1912
half duration:        5.4000
latitude:            -2.2400
longitude:           99.8500
depth:               32.3000
Mrr:            8.429077E+25
Mtt:           -5.512552E+25
Mpp:           -2.916525E+25
Mrt:            9.465351E+25
Mrp:           -5.961248E+25
Mtp:            5.010440E+25
