 PDE 2007 06 28 02 52 09.60   -7.9700  154.6300  10.0 6.7 6.7 SOLOMON ISLANDS
event name:   C200706280252A
time shift:           5.2970
half duration:        5.3000
latitude:            -7.9500
longitude:          154.7000
depth:               18.0000
Mrr:           -1.592259E+24
Mtt:            1.296554E+26
Mpp:           -1.285180E+26
Mrt:            6.118823E+25
Mrp:           -4.390085E+25
Mtp:            1.808351E+25
