 PDE 2007 02 20 08 04 25.10   -1.0300  126.9800  11.0 6.7 6.7 SOUTHERN MOLUCCA SEA
event name:   C200702200804A
time shift:           6.7951
half duration:        5.6000
latitude:            -0.9100
longitude:          127.1700
depth:               12.1000
Mrr:           -3.655002E+25
Mtt:            7.310004E+25
Mpp:           -3.665298E+25
Mrt:            3.243171E+25
Mrp:           -1.184015E+26
Mtp:            8.236624E+25
