 PDE 2007 11 15 15 05 58.30  -22.9200  -70.2400  26.0 6.8 6.8 NEAR COAST OF NORTHERN CHILE
event name:   C200711151506A
time shift:          10.2951
half duration:        6.2000
latitude:           -22.9800
longitude:          -70.9400
depth:               20.7000
Mrr:            1.020011E+26
Mtt:            2.353873E+24
Mpp:           -1.039627E+26
Mrt:            2.608875E+25
Mrp:           -1.677134E+26
Mtp:            8.140476E+24
