 PDE 2006 11 07 17 38 33.60   -6.4800  151.2000  10.0 6.5 6.5 NEW BRITAIN REGION, P.N.G.
event name:   C200611071738A
time shift:           9.5475
half duration:        4.6000
latitude:            -6.5700
longitude:          151.5800
depth:               12.0000
Mrr:           -8.853465E+25
Mtt:            6.388383E+25
Mpp:            2.465082E+25
Mrt:           -2.684972E+25
Mrp:           -2.395643E+25
Mtp:            4.744994E+25
