 PDE 2007 12 16 08 09 17.90  -22.9500  -70.1800  45.0 6.7 6.7 NEAR COAST OF NORTHERN CHILE
event name:   C200712160809A
time shift:           3.0865
half duration:        5.5000
latitude:           -23.0200
longitude:          -70.4100
depth:               30.6000
Mrr:            1.224286E+25
Mtt:           -2.411473E+24
Mpp:           -9.738641E+24
Mrt:           -7.883662E+24
Mrp:            1.344860E+26
Mtp:           -1.326310E+25
