 PDE 2007 06 13 19 29 40.20   13.5500  -90.6200  23.0 6.7 6.7 NEAR COAST OF GUATEMALA
event name:   C200706131929A
time shift:           6.9576
half duration:        5.3000
latitude:            13.4300
longitude:          -91.2200
depth:               31.6000
Mrr:            1.112928E+26
Mtt:           -9.517093E+25
Mpp:           -1.580982E+25
Mrt:            4.992573E+25
Mrp:           -4.482915E+25
Mtp:            4.753346E+25
