 PDE 2005 07 05 01 52 03.00    1.8200   97.0800  21.0 6.6 6.8 NORTHERN SUMATRA, INDONESIA
event name:   C200507050152A
time shift:           4.4831
half duration:        4.4000
latitude:             1.5600
longitude:           96.9300
depth:               16.0000
Mrr:            2.725004E+25
Mtt:           -1.127932E+25
Mpp:           -1.607054E+25
Mrt:            8.484446E+25
Mrp:           -7.426386E+25
Mtp:            1.716853E+25
