 PDE 2007 07 16 01 13 22.40   37.5300  138.4500  12.0 6.6 6.6 NEAR WEST COAST OF HONSHU, JAPAN
event name:   C200707160113A
time shift:           6.9167
half duration:        5.0000
latitude:            37.5000
longitude:          138.4700
depth:               12.0000
Mrr:            9.129709E+25
Mtt:           -3.938112E+25
Mpp:           -5.191597E+25
Mrt:           -4.115771E+25
Mrp:           -3.572924E+25
Mtp:           -4.480960E+25
