 PDE 2016 10 19 00 26 01.10   -4.8600  108.1600 614.0 6.6 6.6 JAVA SEA
event name:   C201610190026A
time shift:           5.1120
half duration:        4.9000
latitude:            -4.9500
longitude:          108.0700
depth:              622.8000
Mrr:           -9.799135E+25
Mtt:            4.373440E+25
Mpp:            5.425696E+25
Mrt:           -4.614582E+25
Mrp:           -5.294164E+25
Mtp:           -4.176142E+25
