 PDE 2017 09 20 20 09 49.60  -18.7800  169.1000 197.0 6.4 6.4 VANUATU ISLANDS
event name:   C201709202009A
time shift:           5.1286
half duration:        4.0000
latitude:           -18.8500
longitude:          168.9500
depth:              208.0000
Mrr:            2.404139E+25
Mtt:            3.023230E+25
Mpp:           -5.427369E+25
Mrt:            3.425640E+25
Mrp:           -4.643186E+23
Mtp:           -7.212416E+24
