 PDE 2015 03 23 04 51 38.00  -18.3500  -69.1700 130.0 6.4 6.4 NORTHERN CHILE
event name:   C201503230451A
time shift:           2.8983
half duration:        4.0000
latitude:           -18.4700
longitude:          -69.4400
depth:              140.8000
Mrr:           -1.661197E+25
Mtt:           -8.524565E+24
Mpp:            2.513654E+25
Mrt:            1.136609E+25
Mrp:           -5.508181E+25
Mtp:            9.901611E+24
