 PDE 2015 11 04 03 44 15.20   -8.3400  124.8800  20.0 6.5 6.5 TIMOR REGION
event name:   C201511040344A
time shift:           6.1528
half duration:        4.6000
latitude:            -8.2000
longitude:          124.9500
depth:               12.0000
Mrr:           -2.425743E+25
Mtt:           -2.311223E+25
Mpp:            4.736965E+25
Mrt:           -3.529299E+25
Mrp:           -3.758339E+25
Mtp:           -5.424085E+25
