 PDE 2017 02 07 22 03 55.70   25.2000   63.2600  24.0 6.4 6.3 SOUTHWESTERN PAKISTAN
event name:   C201702072203A
time shift:           6.1342
half duration:        4.3000
latitude:            25.0100
longitude:           63.2500
depth:               14.0000
Mrr:            9.468422E+24
Mtt:           -6.425657E+24
Mpp:           -2.996801E+24
Mrt:            3.971222E+25
Mrp:           -3.860910E+24
Mtp:           -1.645483E+24
