 PDE 2011 04 03 20 06 40.40   -9.8500  107.6900  14.0 6.7 6.8 SOUTH OF JAVA, INDONESIA
event name:   C201104032006A
time shift:           9.4594
half duration:        5.7000
latitude:           -10.1000
longitude:          107.7200
depth:               20.6000
Mrr:           -1.254198E+26
Mtt:            1.509290E+26
Mpp:           -2.519025E+25
Mrt:            2.880405E+25
Mrp:           -3.167382E+25
Mtp:           -9.491518E+25
