 PDE 2015 05 22 23 59 33.80  -11.1100  163.2100  10.0 6.9 6.8 SOLOMON ISLANDS
event name:   C201505222359A
time shift:           6.1511
half duration:        6.6000
latitude:           -10.9700
longitude:          163.2200
depth:               15.3000
Mrr:            2.462178E+25
Mtt:           -1.126198E+26
Mpp:            8.766677E+25
Mrt:            8.446484E+25
Mrp:           -1.269733E+26
Mtp:            2.053655E+26
