 PDE 2017 10 24 10 47 47.90   -7.2200  123.0700 553.8 6.7 6.7 BANDA SEA
event name:   C201710241047A
time shift:           3.8207
half duration:        5.6000
latitude:            -7.2500
longitude:          123.0200
depth:              556.8000
Mrr:           -1.350454E+26
Mtt:            1.350454E+26
Mpp:            4.391719E+23
Mrt:            6.807165E+24
Mrp:            8.201536E+25
Mtp:            5.533566E+25
