 PDE 2017 11 04 09 00 19.40  -15.3200 -173.1700  10.0 6.7 6.8 TONGA ISLANDS
event name:   C201711040900A
time shift:           9.3838
half duration:        5.6000
latitude:           -15.0600
longitude:         -173.0900
depth:               35.0000
Mrr:            3.808787E+25
Mtt:            2.431850E+25
Mpp:           -6.229533E+25
Mrt:           -1.243686E+26
Mrp:            3.886518E+24
Mtp:            9.494208E+25
