 PDE 2015 05 07 07 10 19.60   -7.2200  154.5600  10.0 7.0 7.1 SOLOMON ISLANDS
event name:   C201505070710A
time shift:          12.7139
half duration:        7.6000
latitude:            -7.3600
longitude:          154.4900
depth:               12.0000
Mrr:           -3.891902E+26
Mtt:            3.011591E+26
Mpp:            8.826278E+25
Mrt:           -2.988425E+25
Mrp:            9.359098E+25
Mtp:           -2.305025E+26
