 PDE 2017 04 24 21 38 30.80  -33.0400  -72.0700  28.0 6.9 6.9 OFF COAST OF CENTRAL CHILE
event name:   C201704242138A
time shift:           6.5407
half duration:        6.1000
latitude:           -33.1300
longitude:          -72.0700
depth:               26.0000
Mrr:            1.049872E+26
Mtt:            3.149615E+24
Mpp:           -1.074100E+26
Mrt:            4.522524E+24
Mrp:           -1.639415E+26
Mtp:           -1.776706E+24
