 PDE 2016 05 27 04 08 44.00  -20.8100 -178.6500 567.5 6.5 6.4 FIJI ISLANDS REGION
event name:   C201605270408A
time shift:           3.6363
half duration:        4.1000
latitude:           -20.7700
longitude:         -178.6100
depth:              581.4000
Mrr:           -2.482488E+25
Mtt:            2.090516E+25
Mpp:            3.854389E+24
Mrt:           -1.426342E+25
Mrp:           -4.616556E+25
Mtp:           -3.734620E+25
