 PDE 2016 02 08 16 19 12.80   -6.6200  154.7400  29.0 6.4 6.4 SOLOMON ISLANDS
event name:   C201602081619A
time shift:           4.8441
half duration:        4.0000
latitude:            -6.8300
longitude:          154.5700
depth:               41.0000
Mrr:            5.824767E+25
Mtt:           -2.532508E+25
Mpp:           -3.280748E+25
Mrt:            8.046467E+24
Mrp:           -2.774247E+25
Mtp:            2.198677E+25
