 PDE 2011 09 16 19 26 41.00   40.2700  142.7800  35.0 6.7 6.7 NEAR EAST COAST OF HONSHU, JAPAN
event name:   C201109161926A
time shift:           9.6056
half duration:        5.3000
latitude:            40.2000
longitude:          143.2200
depth:               22.5000
Mrr:            7.868038E+25
Mtt:           -1.101966E+23
Mpp:           -7.845998E+25
Mrt:            4.793552E+25
Mrp:            1.033644E+26
Mtp:           -1.476635E+25
