 PDE 2010 08 13 21 19 33.10   12.4800  141.4800  10.0 6.9 6.9 SOUTH OF MARIANA ISLANDS
event name:   C201008132119A
time shift:           9.1874
half duration:        6.8000
latitude:            12.4600
longitude:          141.5200
depth:               12.0000
Mrr:           -2.953111E+26
Mtt:            2.847223E+26
Mpp:            1.082415E+25
Mrt:            1.160067E+26
Mrp:            4.788511E+25
Mtp:            7.082761E+25
