 PDE 2018 02 06 15 50 43.30   24.1300  121.6600  17.0 6.4 6.4 TAIWAN
event name:   C201802061550A
time shift:           7.0396
half duration:        3.7000
latitude:            24.0000
longitude:          121.5400
depth:               13.9000
Mrr:            2.503937E+25
Mtt:           -4.343564E+25
Mpp:            1.839627E+25
Mrt:            1.471702E+25
Mrp:           -6.070769E+24
Mtp:           -2.595918E+25
