 PDE 2010 01 05 12 15 32.20   -9.0200  157.5500  15.4 6.8 6.8 SOLOMON ISLANDS
event name:   C201001051215A
time shift:          11.4518
half duration:        6.4000
latitude:            -9.1100
longitude:          157.7700
depth:               12.0000
Mrr:            1.382846E+26
Mtt:           -9.190165E+25
Mpp:           -4.599884E+25
Mrt:            7.240736E+25
Mrp:           -1.238800E+26
Mtp:            1.037135E+26
