 PDE 2012 04 21 01 16 52.70   -1.6200  134.2800  16.0 6.7 6.7 IRIAN JAYA REGION, INDONESIA
event name:   C201204210116A
time shift:           4.4021
half duration:        5.2000
latitude:            -1.5700
longitude:          134.3300
depth:               18.1000
Mrr:           -2.110615E+25
Mtt:           -2.780651E+25
Mpp:            4.880099E+25
Mrt:            4.913601E+24
Mrp:            1.529917E+25
Mtp:            1.328906E+26
