 PDE 2017 04 03 17 40 18.60  -22.6800   25.1600  29.0 6.5 6.5 BOTSWANA
event name:   C201704031740A
time shift:           6.3558
half duration:        4.3000
latitude:           -22.5400
longitude:           25.2100
depth:               30.0000
Mrr:           -6.083503E+25
Mtt:            2.514644E+25
Mpp:            3.578531E+25
Mrt:           -1.760250E+25
Mrp:            1.934341E+22
Mtp:           -3.878354E+25
