 PDE 2015 11 26 05 45 18.40   -9.1800  -71.2600 602.8 6.7 6.7 PERU-BRAZIL BORDER REGION
event name:   C201511260545A
time shift:           3.4756
half duration:        5.4000
latitude:            -9.1400
longitude:          -71.3500
depth:              614.1000
Mrr:           -1.160284E+26
Mtt:            9.154535E+24
Mpp:            1.075126E+26
Mrt:           -1.085770E+25
Mrp:            8.366820E+25
Mtp:           -2.352503E+25
