 PDE 2016 04 03 08 23 52.30  -14.3200  166.8500  26.0 6.8 6.9 VANUATU ISLANDS
event name:   C201604030823A
time shift:           6.2653
half duration:        6.3000
latitude:           -14.2700
longitude:          166.6600
depth:               34.8000
Mrr:            2.257090E+26
Mtt:            7.227134E+24
Mpp:           -2.323802E+26
Mrt:            6.115267E+25
Mrp:           -6.671201E+23
Mtp:            4.436349E+25
