 PDE 2015 06 20 02 10 07.10  -36.3600  -73.8100  11.0 6.4 6.4 NEAR COAST OF CENTRAL CHILE
event name:   C201506200210A
time shift:           5.8010
half duration:        3.9000
latitude:           -36.3500
longitude:          -74.1000
depth:               12.0000
Mrr:            3.679922E+25
Mtt:            7.259709E+23
Mpp:           -3.755022E+25
Mrt:           -1.489492E+25
Mrp:           -5.131863E+25
Mtp:           -8.924436E+24
