 PDE 2017 07 20 22 31 11.20   36.9200   27.4100   7.0 6.6 6.6 DODECANESE ISLANDS, GREECE
event name:   C201707202231A
time shift:           4.6656
half duration:        5.1000
latitude:            36.7900
longitude:           27.5600
depth:               12.0000
Mrr:           -1.047387E+26
Mtt:            1.116554E+26
Mpp:           -7.805994E+24
Mrt:           -3.804187E+25
Mrp:           -7.509564E+24
Mtp:           -5.829793E+24
