 PDE 2017 06 14 07 29 04.70   14.9100  -92.0800  93.0 7.0 6.9 NEAR COAST OF CHIAPAS, MEXICO
event name:   C201706140729A
time shift:           4.4429
half duration:        7.3000
latitude:            14.9200
longitude:          -92.1700
depth:               72.7000
Mrr:           -1.402916E+26
Mtt:            8.009895E+25
Mpp:            5.981353E+25
Mrt:            2.132812E+26
Mrp:           -1.734687E+26
Mtp:           -1.042708E+26
