 PDE 2015 02 11 18 57 22.50  -23.1100  -66.6900 223.0 6.7 6.7 JUJUY PROVINCE, ARGENTINA
event name:   C201502111857A
time shift:           3.2256
half duration:        5.4000
latitude:           -23.1400
longitude:          -66.8000
depth:              223.0000
Mrr:           -8.787814E+25
Mtt:           -1.313247E+24
Mpp:            8.919138E+25
Mrt:           -9.849355E+24
Mrp:           -1.170979E+26
Mtp:           -7.332298E+24
