 PDE 2015 03 30 08 48 26.00  -15.5400 -172.9800  15.5 6.4 6.5 SAMOA ISLANDS REGION
event name:   C201503300848A
time shift:           6.0403
half duration:        4.1000
latitude:           -15.3700
longitude:         -172.6500
depth:               17.3000
Mrr:            5.451286E+25
Mtt:            7.306238E+24
Mpp:           -6.183172E+25
Mrt:            1.627815E+25
Mrp:            4.063227E+25
Mtp:            6.094841E+24
