 PDE 2015 11 11 01 54 38.60  -29.5100  -72.0100  12.0 6.8 6.9 OFF COAST OF CENTRAL CHILE
event name:   C201511110154A
time shift:           8.9676
half duration:        6.1000
latitude:           -29.4700
longitude:          -72.1800
depth:               12.4000
Mrr:            1.287357E+26
Mtt:            6.724999E+23
Mpp:           -1.296964E+26
Mrt:            4.034999E+24
Mrp:           -1.316178E+26
Mtp:           -7.685713E+23
