 PDE 2016 12 21 00 17 15.00   -7.5100  127.9200 152.0 6.7 6.7 BANDA SEA
event name:   C201612210017A
time shift:           6.9684
half duration:        5.4000
latitude:            -7.6400
longitude:          127.9300
depth:              161.8000
Mrr:            8.834376E+25
Mtt:           -1.170414E+26
Mpp:            2.858511E+25
Mrt:            6.313484E+25
Mrp:            6.561071E+25
Mtp:            6.088404E+25
