 PDE 2018 01 28 16 03 04.00  -53.0600    9.6800  10.0 6.5 6.6 SOUTHWEST OF AFRICA
event name:   C201801281603A
time shift:           7.0044
half duration:        4.4000
latitude:           -53.0600
longitude:            9.9500
depth:               12.0000
Mrr:           -3.452230E+25
Mtt:            9.773698E+25
Mpp:           -6.321468E+25
Mrt:            2.389126E+25
Mrp:            9.144981E+24
Mtp:            7.887546E+24
