 PDE 2017 09 26 04 20 00.30  -23.5800 -176.8400  96.0 6.4 6.4 SOUTH OF FIJI ISLANDS
event name:   C201709260420A
time shift:           3.4951
half duration:        4.0000
latitude:           -23.7900
longitude:         -176.4700
depth:              110.7000
Mrr:           -3.552701E+24
Mtt:           -9.845747E+24
Mpp:            1.343094E+25
Mrt:           -2.079630E+25
Mrp:           -5.339883E+25
Mtp:           -1.009487E+25
