 PDE 2012 03 03 12 19 55.10  -22.1400  170.3400  14.0 6.6 6.6 SOUTHEAST OF LOYALTY ISLANDS
event name:   C201203031219A
time shift:           4.6792
half duration:        4.8000
latitude:           -22.3300
longitude:          170.2200
depth:               24.1000
Mrr:            4.872628E+23
Mtt:           -4.361002E+25
Mpp:            4.300094E+25
Mrt:            2.363225E+25
Mrp:           -3.167208E+24
Mtp:            1.051269E+26
