 PDE 2015 08 15 07 47 06.50  -10.9000  163.8200   8.0 6.4 6.4 SOLOMON ISLANDS
event name:   C201508150747A
time shift:           4.9291
half duration:        4.0000
latitude:           -10.7800
longitude:          163.7100
depth:               20.6000
Mrr:           -1.314366E+24
Mtt:           -2.938725E+25
Mpp:            3.062722E+25
Mrt:            1.698757E+25
Mrp:           -3.682706E+25
Mtp:            4.488685E+25
