 PDE 2017 08 08 23 27 53.10   44.3000   82.8300  20.0 6.3 6.3 NORTHERN XINJIANG, CHINA
event name:   C201708082327A
time shift:           5.2994
half duration:        3.6000
latitude:            44.4000
longitude:           82.7400
depth:               27.6000
Mrr:            3.017933E+25
Mtt:           -3.441800E+25
Mpp:            4.281056E+24
Mrt:           -3.094229E+24
Mrp:           -1.059667E+25
Mtp:           -5.408542E+24
