 PDE 2012 03 21 22 15 06.10   -6.2400  145.9600 118.0 6.6 6.6 NEW GUINEA, PAPUA NEW GUINEA
event name:   C201203212215A
time shift:           4.3630
half duration:        4.9000
latitude:            -6.2600
longitude:          145.9600
depth:              127.1000
Mrr:           -6.849989E+25
Mtt:            9.282989E+25
Mpp:           -2.432999E+25
Mrt:           -4.124613E+25
Mrp:           -1.138184E+25
Mtp:           -5.617827E+25
