 PDE 2017 12 15 16 47 58.20   -7.4900  108.1700  90.0 6.5 6.5 JAVA, INDONESIA
event name:   C201712151647A
time shift:           2.4203
half duration:        4.6000
latitude:            -7.9100
longitude:          108.1100
depth:              109.4000
Mrr:            2.332261E+25
Mtt:            5.271119E+25
Mpp:           -7.603381E+25
Mrt:            4.016091E+25
Mrp:           -2.938858E+25
Mtp:           -2.834273E+25
