 PDE 2016 02 05 19 57 27.40   22.9400  120.6000  23.0 6.4 6.4 TAIWAN
event name:   C201602051957A
time shift:           4.2131
half duration:        3.9000
latitude:            22.9400
longitude:          120.4300
depth:               17.3000
Mrr:            1.149621E+25
Mtt:           -4.405348E+24
Mpp:           -7.100059E+24
Mrt:            6.787362E+24
Mrp:           -4.276590E+25
Mtp:            1.903772E+25
