 PDE 2016 01 11 16 38 05.90    3.9000  126.8600  13.0 6.5 6.5 TALAUD ISLANDS, INDONESIA
event name:   C201601111638A
time shift:           6.5819
half duration:        4.3000
latitude:             3.8400
longitude:          127.0500
depth:               12.0000
Mrr:            6.211859E+25
Mtt:            1.101193E+25
Mpp:           -7.316736E+25
Mrt:            1.829184E+25
Mrp:            4.640480E+25
Mtp:           -6.199583E+24
