 PDE 2012 04 11 22 55 10.20   18.2300 -102.6900  20.0 6.7 6.7 MICHOACAN, MEXICO
event name:   C201204112255A
time shift:           5.1371
half duration:        5.2000
latitude:            18.1000
longitude:         -102.9700
depth:               20.5000
Mrr:            8.859373E+25
Mtt:           -8.417432E+25
Mpp:           -4.522186E+24
Mrt:            7.163553E+25
Mrp:           -3.967190E+25
Mtp:            3.196363E+25
