 PDE 2011 09 05 17 55 11.20    2.9600   97.8900  91.0 6.7 6.7 NORTHERN SUMATRA, INDONESIA
event name:   C201109051755A
time shift:           3.5296
half duration:        5.4000
latitude:             2.8800
longitude:           97.8600
depth:               94.6000
Mrr:           -2.979710E+25
Mtt:            2.578803E+25
Mpp:            4.117417E+24
Mrt:            9.264189E+25
Mrp:           -1.065111E+26
Mtp:           -4.247441E+25
