 PDE 2016 01 21 18 06 57.70   18.8200 -106.9300  10.0 6.5 6.6 OFF COAST OF JALISCO, MEXICO
event name:   C201601211806A
time shift:           4.7626
half duration:        4.6000
latitude:            18.9100
longitude:         -107.1700
depth:               15.7000
Mrr:           -6.433899E+24
Mtt:           -5.518002E+25
Mpp:            6.162522E+25
Mrt:            2.216247E+24
Mrp:           -3.720128E+24
Mtp:           -7.632482E+25
