 PDE 2017 07 06 08 03 57.50   11.1300  124.6300   9.0 6.5 6.5 LEYTE, PHILIPPINES
event name:   C201707060803A
time shift:           3.7211
half duration:        4.2000
latitude:            11.1500
longitude:          124.6800
depth:               12.0000
Mrr:           -1.079074E+25
Mtt:            7.349062E+25
Mpp:           -6.269988E+25
Mrt:           -1.124509E+25
Mrp:           -6.508520E+24
Mtp:           -2.680647E+25
