 PDE 2015 05 22 21 45 18.70  -11.0500  163.6900  11.2 7.0 6.9 SOLOMON ISLANDS
event name:   C201505222145A
time shift:           7.6024
half duration:        7.3000
latitude:           -10.9000
longitude:          163.5400
depth:               15.3000
Mrr:            1.800400E+25
Mtt:           -1.521885E+26
Mpp:            1.342840E+26
Mrt:            1.153848E+26
Mrp:           -1.551726E+26
Mtp:            2.387271E+26
