 PDE 2017 08 27 04 17 51.00   -1.4500  148.0800   8.0 6.3 6.3 ADMIRALTY ISLANDS REGION, P.N.G.
event name:   C201708270417A
time shift:           5.6915
half duration:        3.5000
latitude:            -1.2500
longitude:          148.1500
depth:               15.9000
Mrr:           -7.396949E+24
Mtt:           -3.887534E+25
Mpp:            4.620139E+25
Mrt:            2.528669E+24
Mrp:            3.060399E+24
Mtp:            3.273091E+24
