 PDE 2014 04 11 20 29 13.00   11.6400  -85.8800 135.0 6.6 6.6 NICARAGUA
event name:   C201404112029A
time shift:           5.6724
half duration:        4.9000
latitude:            11.7000
longitude:          -86.2200
depth:              141.8000
Mrr:            4.789870E+25
Mtt:           -2.487610E+25
Mpp:           -2.312014E+25
Mrt:            5.150817E+25
Mrp:           -7.706715E+25
Mtp:            7.804268E+24
