 PDE 2015 01 07 05 07 07.50    5.9100  -82.6600   8.0 6.5 6.5 SOUTH OF PANAMA
event name:   C201501070507A
time shift:           9.5900
half duration:        4.1000
latitude:             5.5900
longitude:          -82.6400
depth:               22.8000
Mrr:           -8.958426E+23
Mtt:            1.599719E+23
Mpp:            7.358707E+23
Mrt:            5.673670E+24
Mrp:            7.785299E+23
Mtp:            6.441535E+25
