 PDE 2011 02 14 03 40 09.90  -35.3800  -72.8300  21.0 6.6 6.6 NEAR COAST OF CENTRAL CHILE
event name:   C201102140340A
time shift:           4.8600
half duration:        5.1000
latitude:           -35.6700
longitude:          -73.6100
depth:               12.0000
Mrr:            6.645203E+25
Mtt:           -2.729280E+24
Mpp:           -6.372275E+25
Mrt:           -1.507037E+25
Mrp:           -1.073912E+26
Mtp:           -2.052893E+25
