 PDE 2011 04 07 13 11 22.40   17.2100  -94.3400 166.2 6.7 6.7 CHIAPAS, MEXICO
event name:   C201104071311A
time shift:           4.4608
half duration:        5.5000
latitude:            17.2800
longitude:          -94.1200
depth:              153.8000
Mrr:           -5.426777E+25
Mtt:           -2.843980E+25
Mpp:            8.270757E+25
Mrt:            8.812467E+25
Mrp:           -6.045875E+25
Mtp:           -5.504165E+25
