 PDE 2017 05 29 14 35 21.50   -1.2900  120.4300  12.0 6.6 6.6 SULAWESI, INDONESIA
event name:   C201705291435A
time shift:           7.3526
half duration:        4.8000
latitude:            -1.2400
longitude:          120.4000
depth:               12.0000
Mrr:           -8.022331E+25
Mtt:            9.251727E+25
Mpp:           -1.218978E+25
Mrt:            3.959072E+25
Mrp:           -9.376751E+23
Mtp:           -2.719258E+25
