 PDE 2017 06 02 22 24 47.40   54.0300  170.9200   5.0 6.7 6.8 NEAR ISLANDS, ALEUTIAN ISLANDS
event name:   C201706022224A
time shift:           7.1824
half duration:        5.7000
latitude:            54.1400
longitude:          170.8300
depth:               13.1000
Mrr:            1.448860E+25
Mtt:           -1.908815E+26
Mpp:            1.770829E+26
Mrt:           -1.460359E+25
Mrp:            3.794633E+24
Mtp:           -3.668145E+25
