 PDE 2016 05 18 07 57 02.70    0.4300  -79.7900  16.0 6.7 6.7 NEAR COAST OF ECUADOR
event name:   C201605180757A
time shift:           3.6535
half duration:        5.5000
latitude:             0.4300
longitude:          -80.0400
depth:               27.5000
Mrr:            6.017704E+25
Mtt:            3.700492E+24
Mpp:           -6.387754E+25
Mrt:            1.718085E+25
Mrp:           -1.057283E+26
Mtp:           -1.330415E+25
