 PDE 2017 01 02 13 14 02.80  -23.2500  179.2400 551.6 6.3 6.3 SOUTH OF FIJI ISLANDS
event name:   C201701021314A
time shift:           4.8142
half duration:        3.5000
latitude:           -23.2900
longitude:          179.2900
depth:              572.8000
Mrr:           -1.017554E+25
Mtt:            2.707922E+25
Mpp:           -1.687244E+25
Mrt:           -8.457049E+24
Mrp:           -2.385054E+25
Mtp:           -1.958036E+25
