 PDE 2016 04 07 03 32 53.50  -13.9800  166.5900  27.6 6.6 6.7 VANUATU ISLANDS
event name:   C201604070332A
time shift:           4.8199
half duration:        5.1000
latitude:           -13.9200
longitude:          166.5400
depth:               31.5000
Mrr:            1.217853E+26
Mtt:           -5.535695E+24
Mpp:           -1.162496E+26
Mrt:            2.579634E+25
Mrp:           -1.638566E+25
Mtp:            3.421060E+25
