 PDE 2015 05 20 22 48 53.40  -10.8800  164.1700  11.0 6.8 6.8 SANTA CRUZ ISLANDS REGION
event name:   C201505202248A
time shift:           9.9546
half duration:        6.1000
latitude:           -10.7800
longitude:          163.9100
depth:               19.0000
Mrr:            3.705135E+25
Mtt:           -1.261811E+26
Mpp:            8.958855E+25
Mrt:            6.182872E+25
Mrp:           -1.170043E+26
Mtp:            1.445347E+26
