 PDE 2014 01 01 16 03 29.00  -13.8600  167.2500 187.0 6.5 6.5 VANUATU ISLANDS
event name:   C201401011603A
time shift:           5.3431
half duration:        4.5000
latitude:           -13.8900
longitude:          167.1000
depth:              198.2000
Mrr:            8.107463E+25
Mtt:           -3.917700E+24
Mpp:           -7.715693E+25
Mrt:           -2.633565E+25
Mrp:           -5.223601E+24
Mtp:            2.263560E+25
