 PDE 2015 07 10 04 12 42.50   -9.3000  158.4000  12.0 6.7 6.7 SOLOMON ISLANDS
event name:   C201507100412A
time shift:           4.6529
half duration:        5.5000
latitude:            -9.4000
longitude:          158.3300
depth:               14.6000
Mrr:            1.161415E+25
Mtt:           -4.125444E+25
Mpp:            2.951931E+25
Mrt:            2.189752E+25
Mrp:           -2.032477E+25
Mtp:            1.645339E+26
