 PDE 2015 12 09 10 21 48.50   -4.1100  129.5100  21.0 6.8 6.9 BANDA SEA
event name:   C201512091021A
time shift:           7.0654
half duration:        6.1000
latitude:            -4.1600
longitude:          129.5100
depth:               12.2000
Mrr:            2.091584E+26
Mtt:           -2.009790E+26
Mpp:           -8.296227E+24
Mrt:           -1.320385E+25
Mrp:           -2.570662E+24
Mtp:            1.027096E+26
