 PDE 2010 03 14 08 08 04.00   37.7400  141.5900  32.0 6.5 6.5 NEAR EAST COAST OF HONSHU, JAPAN
event name:   C201003140808A
time shift:           3.6726
half duration:        4.5000
latitude:            37.7000
longitude:          141.9800
depth:               45.9000
Mrr:            6.084551E+25
Mtt:           -3.091610E+24
Mpp:           -5.777583E+25
Mrt:            2.006257E+25
Mrp:            5.448688E+25
Mtp:           -2.269373E+25
