 PDE 2011 11 08 02 59 08.50   27.3200  125.6200 224.9 6.9 6.9 NORTHEAST OF TAIWAN
event name:   C201111080259A
time shift:           3.7192
half duration:        7.0000
latitude:            27.1300
longitude:          125.7700
depth:              230.6000
Mrr:           -2.883216E+26
Mtt:            1.338247E+25
Mpp:            2.752655E+26
Mrt:           -9.161011E+25
Mrp:           -1.164166E+26
Mtp:           -5.984033E+25
