 PDE 2016 11 21 20 59 49.30   37.3900  141.3900   9.0 6.9 6.9 NEAR EAST COAST OF HONSHU, JAPAN
event name:   C201611212059A
time shift:           9.1211
half duration:        7.2000
latitude:            37.3100
longitude:          141.4600
depth:               12.0000
Mrr:           -3.227601E+26
Mtt:            1.814847E+26
Mpp:            1.412755E+26
Mrt:            8.726478E+25
Mrp:            8.183110E+25
Mtp:            1.630102E+26
