 PDE 2016 05 28 05 38 50.50  -21.9700 -178.2000 405.7 6.9 6.9 FIJI ISLANDS REGION
event name:   C201605280538B
time shift:           5.9982
half duration:        7.0000
latitude:           -22.1300
longitude:         -178.1700
depth:              417.5000
Mrr:           -2.005528E+26
Mtt:            5.649080E+25
Mpp:            1.438520E+26
Mrt:           -1.722024E+26
Mrp:           -1.858526E+26
Mtp:            4.914069E+25
