 PDE 2016 12 18 13 30 10.70   -9.9700  -70.9700 612.0 6.4 6.4 PERU-BRAZIL BORDER REGION
event name:   C201612181330A
time shift:           5.4261
half duration:        4.0000
latitude:           -10.0200
longitude:          -70.9800
depth:              638.0000
Mrr:           -3.905977E+25
Mtt:            7.822568E+24
Mpp:            3.131150E+25
Mrt:           -1.464741E+25
Mrp:            4.564049E+25
Mtp:           -5.487473E+24
