 PDE 2017 11 07 21 26 38.50   -4.2400  143.4900 110.6 6.5 6.5 NEW GUINEA, PAPUA NEW GUINEA
event name:   C201711072126A
time shift:           2.8793
half duration:        4.2000
latitude:            -4.2500
longitude:          143.4500
depth:              118.2000
Mrr:            4.877447E+25
Mtt:           -4.867157E+25
Mpp:           -6.173984E+22
Mrt:            4.671648E+25
Mrp:           -5.247886E+24
Mtp:           -1.070157E+24
