 PDE 2017 01 19 23 04 21.10  -10.3500  161.3400  36.0 6.5 6.5 SOLOMON ISLANDS
event name:   C201701192304A
time shift:           3.1723
half duration:        4.3000
latitude:           -10.4000
longitude:          161.2900
depth:               41.7000
Mrr:            6.424655E+25
Mtt:            1.567852E+25
Mpp:           -7.992507E+25
Mrt:            1.426391E+25
Mrp:            3.654391E+23
Mtp:            3.159280E+25
