 PDE 2014 09 17 06 14 45.40   13.7600  144.4300 130.0 6.8 6.7 MARIANA ISLANDS
event name:   C201409170614A
time shift:           4.8312
half duration:        5.8000
latitude:            13.5400
longitude:          144.5100
depth:              140.4000
Mrr:           -1.646139E+26
Mtt:            1.351796E+26
Mpp:            2.943427E+25
Mrt:           -8.841182E+25
Mrp:           -4.600467E+25
Mtp:           -4.567762E+25
