 PDE 2017 07 11 07 00 01.20  -49.4800  164.0200  10.0 6.5 6.6 AUCKLAND ISLANDS, N.Z. REGION
event name:   C201707110659A
time shift:          15.7427
half duration:        4.6000
latitude:           -49.2400
longitude:          163.9900
depth:               32.0000
Mrr:            4.987208E+25
Mtt:            3.994229E+25
Mpp:           -8.981437E+25
Mrt:            4.730596E+25
Mrp:           -1.182649E+25
Mtp:            1.885544E+25
