 PDE 2010 03 30 16 54 46.70   13.6700   92.8300  34.0 6.6 6.7 ANDAMAN ISLANDS, INDIA REGION
event name:   C201003301654A
time shift:           9.2200
half duration:        5.1000
latitude:            13.5800
longitude:           92.7600
depth:               30.5000
Mrr:           -5.280103E+25
Mtt:           -1.341316E+25
Mpp:            6.621419E+25
Mrt:            1.011310E+25
Mrp:           -4.066531E+25
Mtp:            9.942774E+25
