 PDE 2017 05 10 23 23 36.80  -56.4200  -25.7500  15.0 6.5 6.5 SOUTH SANDWICH ISLANDS REGION
event name:   C201705102323A
time shift:           8.1754
half duration:        4.1000
latitude:           -56.4300
longitude:          -25.5100
depth:               19.2000
Mrr:            5.888716E+25
Mtt:           -5.414212E+24
Mpp:           -5.341211E+25
Mrt:           -1.752015E+25
Mrp:            3.686531E+25
Mtp:            2.226519E+25
