 PDE 2015 01 23 03 47 27.10  -17.0300  168.5200 220.0 6.8 6.8 VANUATU ISLANDS
event name:   C201501230347A
time shift:           5.3142
half duration:        6.0000
latitude:           -17.0600
longitude:          168.3600
depth:              231.0000
Mrr:            1.093165E+26
Mtt:           -1.811225E+26
Mpp:            7.169877E+25
Mrt:            1.296794E+25
Mrp:           -7.973675E+25
Mtp:           -9.291904E+25
