 PDE 2011 04 18 13 03 02.70  -34.3400  179.8700  86.0 6.5 6.6 SOUTH OF KERMADEC ISLANDS
event name:   C201104181303A
time shift:           4.8680
half duration:        4.5000
latitude:           -34.4000
longitude:         -179.8300
depth:               99.9000
Mrr:           -3.356658E+25
Mtt:           -1.446455E+25
Mpp:            4.803113E+25
Mrt:            2.263536E+25
Mrp:            7.243315E+25
Mtp:            1.087601E+25
