 PDE 2015 02 27 13 45 05.40   -7.3000  122.5400 552.1 7.0 7.0 FLORES SEA
event name:   C201502271345A
time shift:           4.2065
half duration:        7.5000
latitude:            -7.3500
longitude:          122.5000
depth:              551.5000
Mrr:           -8.229921E+25
Mtt:           -2.674724E+26
Mpp:            3.497716E+26
Mrt:           -2.343241E+26
Mrp:            1.223058E+26
Mtp:           -1.966037E+25
