 PDE 2012 08 26 15 05 37.10    2.1900  126.8400  91.1 6.6 6.6 NORTHERN MOLUCCA SEA
event name:   C201208261505A
time shift:           3.7667
half duration:        4.7000
latitude:             2.1600
longitude:          126.8100
depth:               91.2000
Mrr:            3.752381E+25
Mtt:            5.566595E+25
Mpp:           -9.318976E+25
Mrt:           -5.791963E+25
Mrp:           -7.437152E+24
Mtp:            2.118461E+25
