 PDE 2011 07 11 20 47 04.30    9.5100  122.1700  19.0 6.5 6.4 NEGROS, PHILIPPINES
event name:   C201107112047A
time shift:           6.9686
half duration:        4.3000
latitude:             9.6500
longitude:          122.1100
depth:               16.8000
Mrr:            3.632185E+25
Mtt:            1.081740E+24
Mpp:           -3.737721E+25
Mrt:           -2.568034E+24
Mrp:           -4.881024E+25
Mtp:           -2.207454E+24
