 PDE 2017 04 28 20 23 17.30    5.5100  125.0700  26.0 6.8 6.9 MINDANAO, PHILIPPINES
event name:   C201704282023A
time shift:           6.1684
half duration:        6.5000
latitude:             5.4900
longitude:          124.8900
depth:               31.4000
Mrr:            2.526826E+26
Mtt:           -8.613668E+25
Mpp:           -1.673320E+26
Mrt:           -2.571747E+25
Mrp:           -4.346140E+25
Mtp:            1.459944E+26
