 PDE 2015 07 27 21 41 21.70   -2.6300  138.5300  48.0 7.0 7.0 IRIAN JAYA, INDONESIA
event name:   C201507272141A
time shift:           9.3928
half duration:        7.4000
latitude:            -2.5300
longitude:          138.4400
depth:               40.6000
Mrr:            3.383467E+26
Mtt:           -2.073738E+26
Mpp:           -1.309729E+26
Mrt:            1.309729E+26
Mrp:            3.317981E+25
Mtp:            2.128310E+26
