 PDE 2017 08 19 02 00 52.50  -17.9600 -178.8400 544.0 6.5 6.4 FIJI ISLANDS REGION
event name:   C201708190200A
time shift:           4.1197
half duration:        4.3000
latitude:           -17.8000
longitude:         -178.7700
depth:              559.8000
Mrr:           -1.399206E+25
Mtt:            6.185457E+25
Mpp:           -4.776601E+25
Mrt:            2.267679E+25
Mrp:           -2.325577E+25
Mtp:            3.136152E+24
