 PDE 2016 07 25 19 38 45.60   -2.9700  148.0400  14.0 6.4 6.4 ADMIRALTY ISLANDS REGION, P.N.G.
event name:   C201607251938A
time shift:           3.4823
half duration:        3.9000
latitude:            -2.9700
longitude:          148.1800
depth:               12.0000
Mrr:           -1.744080E+24
Mtt:            3.707694E+25
Mpp:           -3.524749E+25
Mrt:            3.475963E+24
Mrp:            1.609920E+25
Mtp:            5.024901E+25
