 PDE 2016 11 20 20 57 44.00  -31.6300  -68.6400 108.0 6.4 6.4 SAN JUAN PROVINCE, ARGENTINA
event name:   C201611202057A
time shift:           2.4897
half duration:        3.9000
latitude:           -31.6600
longitude:          -68.7400
depth:              119.1000
Mrr:           -6.710465E+25
Mtt:            2.526707E+25
Mpp:            4.183757E+25
Mrt:            7.063029E+24
Mrp:            8.014951E+24
Mtp:            1.762819E+25
