 PDE 2015 11 11 02 46 19.80  -29.5100  -72.0600  10.0 6.8 6.9 OFF COAST OF CENTRAL CHILE
event name:   C201511110246A
time shift:          13.3034
half duration:        6.1000
latitude:           -29.7000
longitude:          -72.2900
depth:               12.0000
Mrr:            1.092876E+26
Mtt:           -1.875832E+24
Mpp:           -1.068408E+26
Mrt:            3.751663E+24
Mrp:           -1.166278E+26
Mtp:            3.588547E+24
