 PDE 2015 02 16 23 06 28.30   39.8600  142.8800  23.0 6.7 6.7 NEAR EAST COAST OF HONSHU, JAPAN
event name:   C201502162306B
time shift:          10.3190
half duration:        5.7000
latitude:            39.7800
longitude:          143.2200
depth:               22.2000
Mrr:            9.066540E+25
Mtt:           -1.686798E+24
Mpp:           -8.897860E+25
Mrt:            6.536343E+25
Mrp:            1.222929E+26
Mtp:           -2.319347E+25
