 PDE 2011 02 11 20 05 30.80  -36.4700  -73.1200  27.6 6.8 6.8 NEAR COAST OF CENTRAL CHILE
event name:   C201102112005A
time shift:           8.0458
half duration:        6.4000
latitude:           -36.6300
longitude:          -73.5600
depth:               17.8000
Mrr:            1.026018E+26
Mtt:           -3.389248E+24
Mpp:           -9.921253E+25
Mrt:            2.567612E+24
Mrp:           -2.146524E+26
Mtp:           -1.355699E+25
