 PDE 2017 10 10 18 53 27.80  -54.2600    8.6100   9.0 6.7 6.7 BOUVET ISLAND REGION
event name:   C201710101853A
time shift:          14.0580
half duration:        5.6000
latitude:           -53.8900
longitude:            8.9200
depth:               16.4000
Mrr:           -1.769640E+25
Mtt:            1.804568E+26
Mpp:           -1.629932E+26
Mrt:            1.443654E+25
Mrp:            2.538037E+25
Mtp:            4.482313E+25
