 PDE 2011 01 09 10 03 44.30  -19.1600  168.3100  24.0 6.5 6.6 VANUATU ISLANDS
event name:   C201101091003A
time shift:           7.0552
half duration:        4.4000
latitude:           -19.2000
longitude:          168.1300
depth:               12.9000
Mrr:           -7.919385E+25
Mtt:            7.895278E+25
Mpp:            2.049156E+23
Mrt:           -1.952725E+25
Mrp:           -2.386664E+25
Mtp:           -1.615217E+25
