 PDE 2012 04 28 10 08 08.10  -18.6800 -174.7100 134.7 6.7 6.7 TONGA ISLANDS
event name:   C201204281008A
time shift:           2.6209
half duration:        5.2000
latitude:           -18.7900
longitude:         -174.2600
depth:              140.7000
Mrr:           -8.312495E+25
Mtt:            8.628435E+25
Mpp:           -3.268347E+24
Mrt:            9.227632E+25
Mrp:            4.477635E+25
Mtp:            2.701833E+25
