 PDE 2017 06 22 12 31 03.50   13.7200  -90.9700  38.1 6.8 6.8 NEAR COAST OF GUATEMALA
event name:   C201706221231A
time shift:           5.8323
half duration:        6.0000
latitude:            13.5700
longitude:          -91.3800
depth:               38.1000
Mrr:            1.685488E+26
Mtt:           -1.299653E+26
Mpp:           -3.817732E+25
Mrt:            6.254582E+25
Mrp:           -4.721397E+25
Mtp:            7.026251E+25
