 PDE 2014 05 01 06 36 35.50  -21.4500  170.3500 106.0 6.6 6.6 SOUTHEAST OF LOYALTY ISLANDS
event name:   C201405010636A
time shift:           5.2334
half duration:        4.9000
latitude:           -21.5200
longitude:          170.1200
depth:              119.5000
Mrr:            8.081827E+24
Mtt:            1.554198E+25
Mpp:           -2.362380E+25
Mrt:            8.071466E+25
Mrp:            4.040914E+24
Mtp:            6.807385E+25
