 PDE 2017 02 21 14 09 04.30  -19.2800  -63.9000 596.0 6.5 6.5 SOUTHERN BOLIVIA
event name:   C201702211409A
time shift:           4.5408
half duration:        4.3000
latitude:           -19.2700
longitude:          -63.7900
depth:              606.0000
Mrr:           -3.368056E+25
Mtt:           -8.208312E+24
Mpp:            4.194183E+25
Mrt:           -2.478381E+25
Mrp:            5.846437E+25
Mtp:            2.753756E+23
