 PDE 2018 03 29 21 25 36.80   -5.5300  151.5000  35.0 6.9 6.9 NEW BRITAIN REGION, P.N.G.
event name:   C201803292125A
time shift:           6.9764
half duration:        6.9000
latitude:            -5.6700
longitude:          151.6000
depth:               42.2000
Mrr:            2.925761E+26
Mtt:           -2.657752E+26
Mpp:           -2.691253E+25
Mrt:            7.403739E+25
Mrp:            1.150204E+25
Mtp:           -1.161371E+26
