 PDE 2016 12 09 19 10 06.80  -10.7500  161.1300  19.7 6.9 6.9 SOLOMON ISLANDS
event name:   C201612091910A
time shift:          20.0772
half duration:        7.0000
latitude:           -10.9500
longitude:          161.0600
depth:               12.0000
Mrr:            2.095887E+26
Mtt:           -7.918942E+25
Mpp:           -1.300895E+26
Mrt:            1.579659E+26
Mrp:           -1.579659E+26
Mtp:            9.705092E+25
