 PDE 2015 07 18 02 27 33.80  -10.4000  165.1400  11.0 6.9 7.0 SANTA CRUZ ISLANDS
event name:   C201507180227A
time shift:           5.7801
half duration:        7.1000
latitude:           -10.3500
longitude:          165.1000
depth:               12.3000
Mrr:           -3.293836E+26
Mtt:            4.104818E+26
Mpp:           -8.047440E+25
Mrt:            2.632573E+25
Mrp:           -5.789166E+25
Mtp:           -8.496599E+25
