 PDE 2011 05 10 08 55 08.90  -20.2400  168.2300  11.0 6.8 6.9 LOYALTY ISLANDS
event name:   C201105100855A
time shift:           7.2663
half duration:        6.1000
latitude:           -20.2900
longitude:          168.1500
depth:               18.2000
Mrr:           -1.914759E+26
Mtt:           -1.925956E+25
Mpp:            2.105115E+26
Mrt:           -3.807123E+25
Mrp:            2.329063E+25
Mtp:           -7.412692E+25
