 PDE 2010 01 03 21 48 05.30   -8.7400  157.4800  26.0 6.6 6.6 SOLOMON ISLANDS
event name:   C201001032148A
time shift:          10.2471
half duration:        5.1000
latitude:            -9.1200
longitude:          157.4500
depth:               12.0000
Mrr:            7.119439E+25
Mtt:           -3.195881E+25
Mpp:           -3.913725E+25
Mrt:            6.057423E+25
Mrp:           -5.723085E+25
Mtp:            3.628554E+25
