 PDE 2017 01 03 21 52 30.70  -19.3700  176.0500  12.0 6.9 6.9 SOUTH OF FIJI ISLANDS
event name:   C201701032152A
time shift:           5.7964
half duration:        7.1000
latitude:           -19.2800
longitude:          176.0000
depth:               17.3000
Mrr:           -3.100369E+26
Mtt:            4.034586E+25
Mpp:            2.689724E+26
Mrt:           -2.258547E+25
Mrp:            4.106448E+23
Mtp:            1.355128E+26
