 PDE 2014 08 24 23 21 45.50  -14.6000  -73.5700 101.0 6.8 6.8 CENTRAL PERU
event name:   C201408242321A
time shift:           3.0988
half duration:        6.4000
latitude:           -14.6100
longitude:          -73.7200
depth:               84.5000
Mrr:           -2.252254E+26
Mtt:           -1.355622E+25
Mpp:            2.391018E+26
Mrt:            4.696643E+25
Mrp:           -9.393285E+24
Mtp:            1.515735E+25
