 PDE 2010 07 14 08 32 21.50  -38.0700  -73.3100  22.0 6.6 6.6 NEAR COAST OF CENTRAL CHILE
event name:   C201007140832A
time shift:           5.4515
half duration:        5.0000
latitude:           -38.3500
longitude:          -73.8900
depth:               15.3000
Mrr:            2.615137E+25
Mtt:            9.132226E+23
Mpp:           -2.706460E+25
Mrt:            4.151012E+23
Mrp:           -8.551084E+25
Mtp:           -1.660405E+24
