 PDE 2016 06 01 22 56 00.80   -2.1000  100.6700  50.0 6.7 6.6 SOUTHERN SUMATRA, INDONESIA
event name:   C201606012256A
time shift:           4.8207
half duration:        5.3000
latitude:            -2.1800
longitude:          100.5700
depth:               28.9000
Mrr:           -1.550657E+24
Mtt:            1.292214E+24
Mpp:            2.584429E+23
Mrt:            4.875956E+25
Mrp:           -9.993124E+25
Mtp:           -4.307381E+23
