 PDE 2012 10 12 00 31 28.30   -4.8900  134.0300  13.0 6.6 6.6 IRIAN JAYA REGION, INDONESIA
event name:   C201210120031A
time shift:           5.8279
half duration:        4.7000
latitude:            -4.8400
longitude:          133.9700
depth:               19.6000
Mrr:           -7.917668E+25
Mtt:           -7.722043E+24
Mpp:            8.689872E+25
Mrt:           -1.389968E+25
Mrp:            3.583028E+25
Mtp:            1.770922E+25
