 PDE 2011 06 22 21 50 52.30   39.9600  142.2100  33.0 6.7 6.7 NEAR EAST COAST OF HONSHU, JAPAN
event name:   C201106222150A
time shift:           4.3678
half duration:        5.6000
latitude:            39.9900
longitude:          142.5100
depth:               41.3000
Mrr:            1.112980E+26
Mtt:            4.769912E+24
Mpp:           -1.155379E+26
Mrt:            1.324976E+25
Mrp:            1.187178E+26
Mtp:           -3.497936E+24
