 PDE 2014 02 07 08 40 13.60  -15.0700  167.3700 122.0 6.5 6.5 VANUATU ISLANDS
event name:   C201402070840A
time shift:           5.0843
half duration:        4.3000
latitude:           -15.1300
longitude:          167.2900
depth:              127.1000
Mrr:            7.284402E+25
Mtt:            4.123038E+24
Mpp:           -7.704443E+25
Mrt:           -1.503306E+25
Mrp:           -3.470868E+24
Mtp:           -1.271178E+25
