 PDE 2012 02 06 03 49 12.50   10.0000  123.2100  11.0 6.7 6.7 CEBU, PHILIPPINES
event name:   C201202060349A
time shift:           6.8159
half duration:        5.3000
latitude:            10.0300
longitude:          123.2600
depth:               12.0000
Mrr:            1.184946E+26
Mtt:            8.238198E+24
Mpp:           -1.275228E+26
Mrt:           -1.060809E+25
Mrp:           -6.996826E+24
Mtp:           -7.865786E+25
