 PDE 2015 11 18 18 31 04.60   -8.9000  158.4200  12.6 6.8 6.8 SOLOMON ISLANDS
event name:   C201511181831A
time shift:           7.3527
half duration:        6.4000
latitude:            -9.1100
longitude:          158.4400
depth:               21.5000
Mrr:            1.501964E+26
Mtt:           -5.051050E+25
Mpp:           -9.979717E+25
Mrt:            2.414268E+25
Mrp:           -1.813483E+26
Mtp:            1.134817E+26
