 PDE 2016 09 24 21 28 41.70  -19.7800 -178.2400 596.4 6.9 6.9 FIJI ISLANDS REGION
event name:   C201609242128A
time shift:           5.8485
half duration:        7.0000
latitude:           -19.7700
longitude:         -178.1500
depth:              606.8000
Mrr:            1.302750E+25
Mtt:           -2.799298E+24
Mpp:           -1.012054E+25
Mrt:           -2.573200E+26
Mrp:           -1.873376E+26
Mtp:           -6.233820E+25
