 PDE 2017 08 13 03 08 10.60   -3.7700  101.6200  31.0 6.5 6.4 SOUTHERN SUMATRA, INDONESIA
event name:   C201708130308A
time shift:           6.3001
half duration:        4.2000
latitude:            -3.8100
longitude:          101.4300
depth:               43.3000
Mrr:            4.615696E+25
Mtt:           -1.995384E+25
Mpp:           -2.620312E+25
Mrt:            3.957877E+25
Mrp:           -3.157531E+25
Mtp:            2.422966E+25
