 PDE 2018 03 25 20 14 47.70   -6.6200  129.8100 169.0 6.4 6.4 BANDA SEA
event name:   C201803252014A
time shift:           2.9161
half duration:        4.0000
latitude:            -6.7200
longitude:          129.8400
depth:              181.7000
Mrr:            3.158573E+24
Mtt:           -3.475563E+25
Mpp:            3.158573E+25
Mrt:            2.332137E+25
Mrp:            4.652952E+25
Mtp:           -1.539663E+25
