 PDE 2010 03 05 16 07 00.70   -3.7600  100.9800  26.0 6.7 6.8 SOUTHERN SUMATRA, INDONESIA
event name:   C201003051606A
time shift:           8.2182
half duration:        5.0000
latitude:            -4.0400
longitude:          100.5200
depth:               20.0000
Mrr:            6.043104E+25
Mtt:           -3.141933E+25
Mpp:           -2.901172E+25
Mrt:            1.158061E+26
Mrp:           -7.583976E+25
Mtp:            3.226199E+25
