 PDE 2017 10 31 00 42 08.70  -21.7000  169.1300  24.0 6.7 6.8 SOUTHEAST OF LOYALTY ISLANDS
event name:   C201710310042A
time shift:          10.7585
half duration:        5.5000
latitude:           -21.6100
longitude:          169.1400
depth:               12.6000
Mrr:            1.259152E+26
Mtt:           -3.498990E+25
Mpp:           -9.080423E+25
Mrt:            6.441047E+25
Mrp:           -1.031536E+26
Mtp:            5.508790E+25
