 PDE 2018 01 21 01 06 42.70  -18.8800  -69.4400 116.0 6.3 6.3 NORTHERN CHILE
event name:   C201801210106A
time shift:           2.5284
half duration:        3.5000
latitude:           -18.9300
longitude:          -69.6600
depth:              134.0000
Mrr:           -2.621301E+25
Mtt:           -3.981306E+24
Mpp:            3.016141E+25
Mrt:            3.246464E+24
Mrp:           -3.016141E+25
Mtp:           -1.425812E+23
