 PDE 2012 04 17 07 13 49.00   -5.4600  147.1200 198.0 6.9 6.8 EASTERN NEW GUINEA REG., P.N.G.
event name:   C201204170713A
time shift:           5.4820
half duration:        6.5000
latitude:            -5.6600
longitude:          147.1600
depth:              208.6000
Mrr:            2.078214E+26
Mtt:           -2.550025E+26
Mpp:            4.774275E+25
Mrt:            4.347399E+25
Mrp:           -1.049217E+26
Mtp:            7.874746E+25
