 PDE 2016 12 06 22 03 33.40    5.2800   96.1700  13.0 6.6 6.5 NORTHERN SUMATRA, INDONESIA
event name:   C201612062203A
time shift:           6.3697
half duration:        4.7000
latitude:             5.2800
longitude:           96.2200
depth:               17.5000
Mrr:            1.458105E+25
Mtt:           -7.521813E+25
Mpp:            6.063707E+25
Mrt:           -4.947502E+25
Mrp:            1.870397E+25
Mtp:            3.449173E+25
