 PDE 2017 11 01 02 23 57.70  -21.6500  168.8600  22.0 6.5 6.6 LOYALTY ISLANDS
event name:   C201711010223A
time shift:           7.6973
half duration:        4.4000
latitude:           -21.6400
longitude:          168.7900
depth:               12.0000
Mrr:           -8.905081E+25
Mtt:            3.791519E+25
Mpp:            5.113562E+25
Mrt:           -2.145202E+25
Mrp:            2.132730E+25
Mtp:           -4.440068E+25
