 PDE 2015 05 01 08 06 03.50   -5.2000  151.7800  44.0 6.7 6.8 NEW BRITAIN REGION, P.N.G.
event name:   C201505010806A
time shift:           6.6415
half duration:        5.7000
latitude:            -5.4700
longitude:          151.7600
depth:               49.3000
Mrr:            1.664440E+26
Mtt:           -1.675763E+26
Mpp:            1.245500E+24
Mrt:            3.804435E+25
Mrp:           -2.808035E+25
Mtp:           -5.502844E+25
