 PDE 2010 12 02 03 12 09.80   -6.0000  149.9800  33.0 6.6 6.7 NEW BRITAIN REGION, P.N.G.
event name:   C201012020312A
time shift:           7.9011
half duration:        4.9000
latitude:            -6.3000
longitude:          149.9000
depth:               48.6000
Mrr:            1.025806E+26
Mtt:           -1.102902E+26
Mpp:            8.137921E+24
Mrt:            2.527039E+25
Mrp:           -5.353895E+23
Mtp:           -7.281298E+24
