 PDE 2012 07 28 20 03 56.80   -4.6500  153.1700  41.0 6.5 6.5 NEW IRELAND REGION, P.N.G.
event name:   C201207282004A
time shift:           6.8268
half duration:        4.5000
latitude:            -4.8500
longitude:          153.0700
depth:               57.8000
Mrr:            6.397018E+25
Mtt:           -7.466754E+25
Mpp:            1.059038E+25
Mrt:            3.530127E+25
Mrp:            1.882735E+25
Mtp:            1.422748E+25
