 PDE 2017 03 29 04 09 24.20   56.9400  162.7900  17.0 6.6 6.6 NEAR EAST COAST OF KAMCHATKA
event name:   C201703290409A
time shift:           6.3533
half duration:        4.9000
latitude:            57.0000
longitude:          163.1500
depth:               17.1000
Mrr:            8.874224E+25
Mtt:           -1.567716E+25
Mpp:           -7.316009E+25
Mrt:           -2.014278E+25
Mrp:           -8.171127E+24
Mtp:           -4.294592E+25
