 PDE 2012 03 09 07 09 51.00  -19.1200  169.6100  16.0 6.6 6.7 VANUATU ISLANDS
event name:   C201203090709A
time shift:           7.6247
half duration:        5.1000
latitude:           -19.0600
longitude:          169.6000
depth:               12.0000
Mrr:           -1.192913E+26
Mtt:            4.476263E+25
Mpp:            7.418780E+25
Mrt:           -1.817772E+24
Mrp:           -1.102024E+25
Mtp:           -7.168837E+25
