 PDE 2018 03 08 17 39 51.10   -4.3800  153.2000  22.9 6.8 6.8 NEW IRELAND REGION, P.N.G.
event name:   C201803081739A
time shift:           7.2682
half duration:        5.9000
latitude:            -4.3700
longitude:          153.2600
depth:               33.0000
Mrr:            2.476247E+25
Mtt:            1.665839E+26
Mpp:           -1.913464E+26
Mrt:           -7.214884E+25
Mrp:           -1.575794E+25
Mtp:            5.594068E+25
