 PDE 2017 10 08 22 34 33.50   52.3900  176.7700 119.0 6.5 6.5 RAT ISLANDS, ALEUTIAN ISLANDS
event name:   C201710082234A
time shift:           4.2273
half duration:        4.6000
latitude:            52.3700
longitude:          176.8200
depth:              121.1000
Mrr:            7.680368E+24
Mtt:           -5.459182E+25
Mpp:            4.689170E+25
Mrt:            4.916225E+25
Mrp:           -4.146214E+25
Mtp:           -1.540022E+25
