 PDE 2015 08 12 18 49 24.10   -9.3300  157.8800   6.4 6.5 6.5 SOLOMON ISLANDS
event name:   C201508121849A
time shift:           5.4746
half duration:        4.3000
latitude:            -9.3200
longitude:          157.7100
depth:               14.9000
Mrr:            5.130816E+24
Mtt:            1.603380E+25
Mpp:           -2.125963E+25
Mrt:           -7.126134E+23
Mrp:           -6.793581E+24
Mtp:            7.910009E+25
