 PDE 2018 03 26 09 51 00.40   -5.5000  151.4000  40.0 6.7 6.7 NEW BRITAIN REGION, P.N.G.
event name:   C201803260951A
time shift:           5.4041
half duration:        5.4000
latitude:            -5.6900
longitude:          151.3700
depth:               50.0000
Mrr:            1.336723E+26
Mtt:           -1.325943E+26
Mpp:           -9.702019E+23
Mrt:            3.234006E+25
Mrp:           -1.994304E+25
Mtp:           -4.656969E+25
