 PDE 2017 06 12 12 28 39.20   38.9300   26.3600  12.0 6.4 6.3 AEGEAN SEA
event name:   C201706121228A
time shift:           3.5006
half duration:        3.7000
latitude:            38.8100
longitude:           26.3200
depth:               12.0000
Mrr:           -4.294402E+25
Mtt:            4.221083E+25
Mpp:            8.169838E+23
Mrt:           -1.948192E+24
Mrp:            2.230994E+24
Mtp:           -1.497804E+25
