 PDE 2017 11 30 06 32 50.80   -1.0800  -23.4300  10.0 6.5 6.5 CENTRAL MID-ATLANTIC RIDGE
event name:   C201711300632A
time shift:           4.5430
half duration:        4.2000
latitude:            -0.9800
longitude:          -23.3500
depth:               15.2000
Mrr:           -9.239792E+24
Mtt:            2.042607E+25
Mpp:           -1.123434E+25
Mrt:            2.739496E+25
Mrp:            1.042931E+25
Mtp:           -6.896802E+25
