 PDE 2016 09 24 21 07 15.80  -18.1700 -174.9800 202.0 6.4 6.4 TONGA ISLANDS
event name:   C201609242107A
time shift:           5.3466
half duration:        3.9000
latitude:           -18.1700
longitude:         -174.7200
depth:              207.4000
Mrr:           -1.659282E+25
Mtt:            7.503760E+24
Mpp:            9.141904E+24
Mrt:            7.757408E+24
Mrp:           -4.597374E+25
Mtp:            2.494207E+25
