 PDE 2016 11 25 14 24 30.70   39.2700   73.9800  17.0 6.6 6.6 TAJIKISTAN-XINJIANG BORDER REG.
event name:   C201611251424A
time shift:           6.7520
half duration:        5.1000
latitude:            39.2700
longitude:           74.1400
depth:               19.1000
Mrr:           -4.486843E+24
Mtt:           -6.491603E+25
Mpp:            6.940287E+25
Mrt:           -1.193309E+25
Mrp:           -1.899748E+25
Mtp:           -8.190875E+25
