 PDE 2015 04 30 10 45 02.90   -5.3800  151.7700  31.0 6.6 6.7 NEW BRITAIN REGION, P.N.G.
event name:   C201504301045A
time shift:           6.3498
half duration:        4.9000
latitude:            -5.5800
longitude:          151.8300
depth:               38.3000
Mrr:            1.119471E+26
Mtt:           -9.905203E+25
Mpp:           -1.289502E+25
Mrt:            2.681708E+25
Mrp:            2.282305E+24
Mtp:           -4.302145E+25
