 PDE 2015 11 07 07 31 43.80  -30.8900  -71.4600  46.0 6.7 6.8 NEAR COAST OF CENTRAL CHILE
event name:   C201511070731A
time shift:           4.1246
half duration:        5.5000
latitude:           -30.9900
longitude:          -71.6600
depth:               43.4000
Mrr:            1.109227E+26
Mtt:            6.620970E+24
Mpp:           -1.178017E+26
Mrt:            1.306997E+25
Mrp:           -5.227987E+25
Mtp:            1.229609E+25
