 PDE 2010 03 11 14 39 44.00  -34.2900  -71.8900  11.0 6.8 7.0 NEAR COAST OF CENTRAL CHILE
event name:   C201003111439A
time shift:           8.8442
half duration:        6.5000
latitude:           -34.5400
longitude:          -72.1100
depth:               12.9000
Mrr:           -2.621053E+26
Mtt:            9.651774E+25
Mpp:            1.653626E+26
Mrt:           -5.275853E+25
Mrp:            7.233206E+25
Mtp:           -1.074294E+26
