 PDE 2017 05 09 13 52 11.00  -14.5900  167.3800 169.0 6.8 6.8 VANUATU ISLANDS
event name:   C201705091352A
time shift:           4.0526
half duration:        5.9000
latitude:           -14.5500
longitude:          167.2000
depth:              181.4000
Mrr:            1.635325E+26
Mtt:           -1.777053E+25
Mpp:           -1.460890E+26
Mrt:           -8.111211E+25
Mrp:           -3.128921E+25
Mtp:            8.656319E+25
