 PDE 2014 06 23 20 06 20.70  -29.9400 -177.6100  26.6 6.7 6.7 KERMADEC ISLANDS, NEW ZEALAND
event name:   C201406232006A
time shift:           7.0015
half duration:        5.4000
latitude:           -29.9400
longitude:         -177.3000
depth:               36.8000
Mrr:            1.236520E+26
Mtt:           -1.225577E+25
Mpp:           -1.105208E+26
Mrt:            1.542914E+25
Mrp:            8.655637E+25
Mtp:           -3.228082E+25
