 PDE 2017 07 17 11 05 09.10   54.5800  168.6500   9.0 6.3 6.3 KOMANDORSKIYE OSTROVA REGION
event name:   C201707171105A
time shift:           4.3892
half duration:        3.6000
latitude:            54.6300
longitude:          168.6200
depth:               16.0000
Mrr:           -1.946341E+24
Mtt:           -4.110286E+25
Mpp:            4.303711E+25
Mrt:           -1.499046E+25
Mrp:           -1.305620E+25
Mtp:           -6.177518E+24
