 PDE 2018 01 24 10 51 19.10   41.1000  142.4300  31.0 6.4 6.3 HOKKAIDO, JAPAN REGION
event name:   C201801241051A
time shift:           4.8168
half duration:        4.0000
latitude:            41.0700
longitude:          142.5500
depth:               43.6000
Mrr:            3.863887E+25
Mtt:            1.537769E+24
Mpp:           -4.019610E+25
Mrt:            1.742156E+25
Mrp:            3.231261E+25
Mtp:           -1.090064E+25
