 PDE 2017 11 19 22 43 29.20  -21.3300  168.6700  10.0 7.0 7.0 LOYALTY ISLANDS
event name:   C201711192243A
time shift:          11.6919
half duration:        7.4000
latitude:           -21.4500
longitude:          168.6700
depth:               12.0000
Mrr:           -3.750600E+26
Mtt:            7.983252E+25
Mpp:            2.951099E+26
Mrt:           -8.453547E+25
Mrp:            1.293310E+26
Mtp:           -1.540215E+26
