 PDE 2016 08 31 03 11 34.40   -3.6800  152.7900 476.0 6.8 6.8 NEW IRELAND REGION, P.N.G.
event name:   C201608310311A
time shift:           6.2902
half duration:        6.0000
latitude:            -3.5800
longitude:          152.8600
depth:              491.0000
Mrr:           -5.325946E+25
Mtt:            5.044494E+25
Mpp:            2.814524E+24
Mrt:            9.536908E+25
Mrp:            1.612939E+26
Mtp:            4.546539E+25
