 PDE 2015 05 12 21 12 58.90   38.9100  142.0300  35.0 6.8 6.8 NEAR EAST COAST OF HONSHU, JAPAN
event name:   C201505122112A
time shift:           7.0914
half duration:        6.2000
latitude:            38.8900
longitude:          142.2900
depth:               43.9000
Mrr:            1.461702E+26
Mtt:           -2.880727E+24
Mpp:           -1.429694E+26
Mrt:            7.255163E+25
Mrp:            1.387017E+26
Mtp:           -4.075695E+25
