 PDE 2017 08 08 13 19 49.50   33.1900  103.8600   9.0 6.5 6.5 GANSU, CHINA
event name:   C201708081319A
time shift:           2.9947
half duration:        4.3000
latitude:            33.2100
longitude:          103.8900
depth:               16.2000
Mrr:           -1.670160E+24
Mtt:            5.439949E+25
Mpp:           -5.268161E+25
Mrt:            7.234178E+24
Mrp:            1.488828E+25
Mtp:           -3.598001E+25
