 PDE 2017 03 05 22 47 54.00   -5.9900  149.3600  37.0 6.3 6.3 NEW BRITAIN REGION, P.N.G.
event name:   C201703052247A
time shift:           4.8934
half duration:        3.5000
latitude:            -6.3000
longitude:          149.5400
depth:               48.4000
Mrr:            3.684722E+25
Mtt:           -4.249930E+25
Mpp:            5.695558E+24
Mrt:            7.054231E+24
Mrp:           -1.826057E+24
Mtp:           -9.130284E+23
