 PDE 2012 04 17 03 50 15.60  -32.6200  -71.3600  29.0 6.7 6.7 NEAR COAST OF CENTRAL CHILE
event name:   C201204170350A
time shift:           7.5688
half duration:        5.4000
latitude:           -32.7700
longitude:          -71.6900
depth:               39.6000
Mrr:            7.701698E+25
Mtt:            1.746777E+24
Mpp:           -7.884315E+25
Mrt:            7.225304E+24
Mrp:           -7.209424E+25
Mtp:            2.143771E+24
