 PDE 2016 11 24 18 43 47.70   11.9100  -88.9000  10.0 6.9 6.9 OFF COAST OF CENTRAL AMERICA
event name:   C201611241843A
time shift:           6.3103
half duration:        7.1000
latitude:            11.8300
longitude:          -89.2000
depth:               12.0000
Mrr:           -3.226527E+26
Mtt:            2.165310E+26
Mpp:            1.058001E+26
Mrt:           -4.234147E+25
Mrp:            3.408756E+25
Mtp:           -1.757975E+26
