 PDE 2011 07 31 23 38 56.60   -3.5200  144.8300  10.0 6.6 6.6 NEAR N COAST OF NEW GUINEA, PNG.
event name:   C201107312338A
time shift:           6.9792
half duration:        4.9000
latitude:            -3.3900
longitude:          144.6300
depth:               12.0000
Mrr:           -5.493790E+24
Mtt:           -1.028624E+25
Mpp:            1.578003E+25
Mrt:            6.662681E+24
Mrp:            1.028624E+25
Mtp:            1.203958E+26
