 PDE 2010 08 04 22 01 43.60   -5.7500  150.7600  44.0 6.9 7.0 NEW BRITAIN REGION, P.N.G.
event name:   C201008042201A
time shift:           9.9720
half duration:        6.8000
latitude:            -6.2600
longitude:          150.8000
depth:               34.8000
Mrr:            2.301563E+26
Mtt:           -2.520263E+26
Mpp:            2.145348E+25
Mrt:            1.343446E+26
Mrp:           -8.331449E+23
Mtp:           -4.634369E+25
