 PDE 2015 04 17 15 52 51.50  -15.8800 -178.6000  10.0 6.5 6.5 FIJI ISLANDS REGION
event name:   C201504171552A
time shift:           6.0695
half duration:        4.2000
latitude:           -15.9000
longitude:         -178.5100
depth:               15.8000
Mrr:            7.768673E+23
Mtt:           -7.380239E+24
Mpp:            6.603372E+24
Mrt:            1.331773E+24
Mrp:           -1.409459E+25
Mtp:            6.980708E+25
