 PDE 2016 01 14 03 25 33.60   41.9700  142.7800  46.0 6.7 6.7 HOKKAIDO, JAPAN REGION
event name:   C201601140325B
time shift:           3.5255
half duration:        5.2000
latitude:            42.0000
longitude:          142.7800
depth:               54.1000
Mrr:            9.776936E+25
Mtt:           -1.980672E+25
Mpp:           -7.796264E+25
Mrt:            3.034221E+25
Mrp:            7.722515E+25
Mtp:           -4.024558E+25
