 PDE 2015 09 21 17 40 00.10  -31.7300  -71.3800  35.0 6.6 6.6 NEAR COAST OF CENTRAL CHILE
event name:   C201509211739A
time shift:           5.7151
half duration:        4.8000
latitude:           -31.7700
longitude:          -71.8100
depth:               39.0000
Mrr:            6.998274E+25
Mtt:            1.604700E+24
Mpp:           -7.158744E+25
Mrt:            2.139600E+24
Mrp:           -4.831929E+25
Mtp:            2.674500E+23
