 PDE 2011 04 23 04 16 54.70  -10.3800  161.2000  79.0 6.8 6.8 SOLOMON ISLANDS
event name:   C201104230416A
time shift:           4.7508
half duration:        6.3000
latitude:           -10.4700
longitude:          161.3200
depth:               76.9000
Mrr:            3.835536E+25
Mtt:           -1.025903E+26
Mpp:            6.423492E+25
Mrt:           -1.433171E+26
Mrp:           -2.371433E+25
Mtp:            1.412550E+26
