 PDE 2010 05 05 16 29 03.20   -4.0500  101.1000  27.0 6.5 6.6 SOUTHERN SUMATRA, INDONESIA
event name:   C201005051629A
time shift:           8.2495
half duration:        4.5000
latitude:            -4.2800
longitude:          100.7700
depth:               12.0000
Mrr:            2.746978E+25
Mtt:           -1.390171E+25
Mpp:           -1.356807E+25
Mrt:            7.028705E+25
Mrp:           -4.737703E+25
Mtp:            1.623720E+25
