 PDE 2017 12 08 00 22 54.20   10.1200  140.2200  12.8 6.4 6.4 W. CAROLINE ISLANDS, MICRONESIA
event name:   C201712080022A
time shift:           3.9036
half duration:        4.0000
latitude:            10.0900
longitude:          140.1700
depth:               15.6000
Mrr:            6.813978E+24
Mtt:            4.590219E+25
Mpp:           -5.268049E+25
Mrt:           -3.722120E+25
Mrp:            2.497269E+24
Mtp:           -2.818347E+25
