 PDE 2017 11 13 02 28 23.70    9.5200  -84.4900  19.4 6.6 6.5 COSTA RICA
event name:   C201711130228A
time shift:           5.0147
half duration:        4.9000
latitude:             9.4500
longitude:          -84.5800
depth:               29.6000
Mrr:            6.772246E+25
Mtt:           -5.657826E+25
Mpp:           -1.114420E+25
Mrt:            5.572102E+25
Mrp:           -3.152762E+25
Mtp:            3.000362E+25
