 PDE 2017 12 13 18 03 43.90  -54.2200    2.1600  17.0 6.5 6.5 BOUVET ISLAND REGION
event name:   C201712131803A
time shift:           9.8347
half duration:        4.3000
latitude:           -54.4000
longitude:            2.2800
depth:               20.1000
Mrr:           -1.109871E+25
Mtt:            8.805291E+25
Mpp:           -7.688291E+25
Mrt:            3.541129E+24
Mrp:            1.271479E+25
Mtp:            4.872024E+23
