 PDE 2012 12 21 22 28 08.60  -14.3400  167.2900 200.7 6.7 6.7 VANUATU ISLANDS
event name:   C201212212228A
time shift:           4.2683
half duration:        5.4000
latitude:           -14.3100
longitude:          167.1700
depth:              199.1000
Mrr:            1.487094E+26
Mtt:           -1.304067E+25
Mpp:           -1.361263E+26
Mrt:           -3.992275E+25
Mrp:            1.086722E+25
Mtp:            3.294484E+25
