 PDE 2010 06 26 05 30 19.50  -10.6300  161.4500  35.0 6.7 6.8 SOLOMON ISLANDS
event name:   C201006260530A
time shift:           5.3043
half duration:        5.7000
latitude:           -10.5400
longitude:          161.4300
depth:               41.3000
Mrr:            1.353324E+26
Mtt:           -2.090501E+24
Mpp:           -1.331319E+26
Mrt:           -6.777625E+25
Mrp:           -1.705409E+25
Mtp:            8.461028E+25
