 PDE 2010 03 16 02 21 57.90  -36.2200  -73.2600  18.0 6.6 6.7 NEAR COAST OF CENTRAL CHILE
event name:   C201003160221A
time shift:           5.2803
half duration:        5.1000
latitude:           -36.4900
longitude:          -73.6300
depth:               13.4000
Mrr:            5.992902E+25
Mtt:            3.518100E+24
Mpp:           -6.344712E+25
Mrt:            1.382977E+25
Mrp:           -1.249532E+26
Mtp:           -3.396786E+24
