 PDE 2017 07 13 03 36 08.60   -4.7800  153.2100  34.0 6.4 6.4 NEW IRELAND REGION, P.N.G.
event name:   C201707130336A
time shift:           4.4420
half duration:        4.0000
latitude:            -4.9300
longitude:          153.1900
depth:               34.1000
Mrr:            3.544419E+25
Mtt:           -1.185097E+25
Mpp:           -2.348449E+25
Mrt:            2.413684E+25
Mrp:           -3.098648E+25
Mtp:           -3.413949E+25
