 PDE 2015 12 17 19 49 53.00   15.8000  -93.6300  85.0 6.6 6.6 NEAR COAST OF CHIAPAS, MEXICO
event name:   C201512171949A
time shift:           3.0170
half duration:        4.7000
latitude:            15.8400
longitude:          -93.6000
depth:               73.4000
Mrr:           -3.158215E+25
Mtt:            4.598131E+24
Mpp:            2.697442E+25
Mrt:            5.558074E+25
Mrp:           -5.010906E+25
Mtp:           -2.284666E+25
