 PDE 2016 04 06 06 58 48.20  -14.0700  166.6200  24.0 6.7 6.7 VANUATU ISLANDS
event name:   C201604060658A
time shift:           5.4614
half duration:        5.3000
latitude:           -14.0600
longitude:          166.5900
depth:               32.4000
Mrr:            1.352723E+26
Mtt:           -8.798201E+23
Mpp:           -1.341726E+26
Mrt:            3.013384E+25
Mrp:           -9.568044E+24
Mtp:            3.189348E+25
