 PDE 2016 04 28 19 33 24.10  -16.0400  167.3800  24.0 7.0 7.0 VANUATU ISLANDS
event name:   C201604281933A
time shift:           8.2565
half duration:        7.5000
latitude:           -16.0500
longitude:          167.2600
depth:               33.5000
Mrr:            3.853173E+26
Mtt:           -7.035223E+25
Mpp:           -3.147337E+26
Mrt:            3.749033E+25
Mrp:           -1.261249E+26
Mtp:            1.805090E+26
