 PDE 2017 02 18 12 10 18.00  -23.8600  -66.6600 222.0 6.4 6.4 JUJUY PROVINCE, ARGENTINA
event name:   C201702181210A
time shift:           3.8519
half duration:        3.8000
latitude:           -23.8700
longitude:          -66.8700
depth:              221.5000
Mrr:           -8.738484E+24
Mtt:           -3.864895E+24
Mpp:            1.263523E+25
Mrt:           -3.822423E+24
Mrp:           -4.873590E+25
Mtp:            1.231670E+24
