 PDE 2017 01 02 10 15 15.60  -23.2800  179.2600 547.8 5.9 5.3 SOUTH OF FIJI ISLANDS
event name:   B201701021015A
time shift:           5.3000
half duration:        2.2000
latitude:           -23.2700
longitude:          179.2700
depth:              568.5000
Mrr:           -7.920000E+24
Mtt:            6.250000E+24
Mpp:            1.680000E+24
Mrt:            1.750000E+24
Mrp:            2.800000E+23
Mtp:           -6.310000E+24
