 PDE 2007 04 13 05 42 23.00   17.3000 -100.2000  34.0 6.0 6.0 GUERRERO, MEXICO
event name:   C200704130542A
time shift:           3.5000
half duration:        2.3000
latitude:            17.3700
longitude:         -100.1400
depth:               42.7000
Mrr:            5.680000E+24
Mtt:           -5.980000E+24
Mpp:            3.000000E+23
Mrt:           -8.600000E+24
Mrp:            2.230000E+24
Mtp:            1.310000E+24
