 PDE 2007 02 04 20 56 59.10   19.3700  -78.5200  10.0 6.2 6.2 CUBA REGION
event name:   C200702042056A
time shift:           5.4000
half duration:        3.0000
latitude:            19.4900
longitude:          -78.3400
depth:               12.6000
Mrr:           -2.590000E+24
Mtt:           -8.150000E+24
Mpp:            1.070000E+25
Mrt:            4.130000E+24
Mrp:           -4.550000E+24
Mtp:            2.120000E+25
