 PDE 2005 03 30 17 41 57.20  -22.4600 -179.7500 588.7 6.1 0.0 SOUTH OF FIJI ISLANDS
event name:   C200503301741A
time shift:           3.2000
half duration:        2.8000
latitude:           -22.3100
longitude:         -179.6400
depth:              585.1000
Mrr:           -2.800000E+24
Mtt:           -2.940000E+24
Mpp:            5.740000E+24
Mrt:           -2.400000E+24
Mrp:           -1.820000E+25
Mtp:           -5.980000E+24
