 PDE 2005 01 16 08 25 04.50  -25.5300 -176.3000  16.0 6.1 6.1 SOUTH OF FIJI ISLANDS
event name:   C200501160825A
time shift:           4.5000
half duration:        2.8000
latitude:           -25.5500
longitude:         -175.6300
depth:               19.0000
Mrr:            1.290000E+25
Mtt:            1.330000E+24
Mpp:           -1.420000E+25
Mrt:            3.200000E+24
Mrp:            1.170000E+25
Mtp:           -5.700000E+23
