 PDE 2007 08 19 01 22 40.70  -13.6300  -76.6200  26.3 5.8 5.8 NEAR COAST OF PERU
event name:   C200708190122A
time shift:           0.2000
half duration:        1.9000
latitude:           -13.8700
longitude:          -77.1000
depth:               13.8000
Mrr:            5.260000E+24
Mtt:           -2.230000E+24
Mpp:           -3.030000E+24
Mrt:           -2.260000E+24
Mrp:           -1.140000E+24
Mtp:           -3.520000E+24
