 PDE 2005 02 09 18 46 10.00   26.0900  144.0000  24.0 6.3 6.3 BONIN ISLANDS, JAPAN REGION
event name:   C200502091846A
time shift:           3.8000
half duration:        3.3000
latitude:            26.2100
longitude:          144.2000
depth:               20.0000
Mrr:           -2.740000E+25
Mtt:            2.620000E+25
Mpp:            1.240000E+24
Mrt:           -1.150000E+25
Mrp:           -3.170000E+24
Mtp:           -8.970000E+24
