 PDE 2006 06 27 02 59 15.30  -19.8600 -178.2900 569.9 6.2 6.2 FIJI ISLANDS REGION
event name:   C200606270259A
time shift:           4.7000
half duration:        3.3000
latitude:           -19.7700
longitude:         -178.0400
depth:              596.7000
Mrr:           -1.400000E+25
Mtt:            1.630000E+25
Mpp:           -2.310000E+24
Mrt:           -2.240000E+25
Mrp:           -1.370000E+25
Mtp:           -2.000000E+24
