 PDE 2009 11 22 22 47 27.50  -31.5700  179.4700 435.7 6.2 6.2 KERMADEC ISLANDS REGION
event name:   C200911222247A
time shift:           3.7000
half duration:        2.9000
latitude:           -31.4700
longitude:          179.6600
depth:              437.1000
Mrr:           -8.320000E+24
Mtt:           -8.660000E+24
Mpp:            1.700000E+25
Mrt:           -1.380000E+25
Mrp:           -7.470000E+24
Mtp:            3.690000E+24
