 PDE 2005 05 21 05 11 35.40   -3.2900  -80.9900  39.5 6.3 5.9 PERU-ECUADOR BORDER REGION
event name:   C200505210511A
time shift:           0.0000
half duration:        3.7000
latitude:            -3.3600
longitude:          -81.1500
depth:               24.0000
Mrr:            1.260000E+25
Mtt:            1.370000E+25
Mpp:           -2.630000E+25
Mrt:           -1.040000E+25
Mrp:           -7.320000E+24
Mtp:            3.280000E+25
