 PDE 2006 08 06 18 16 40.20   26.1200  144.0100  23.1 5.8 5.8 BONIN ISLANDS, JAPAN REGION
event name:   C200608061816A
time shift:           2.2000
half duration:        2.1000
latitude:            26.2300
longitude:          144.1300
depth:               19.2000
Mrr:           -7.280000E+24
Mtt:            4.490000E+24
Mpp:            2.790000E+24
Mrt:           -9.820000E+23
Mrp:            1.040000E+24
Mtp:           -3.650000E+24
