 PDE 2009 11 13 07 27 13.40  -17.9200  -64.1000 608.0 5.8 5.8 CENTRAL BOLIVIA
event name:   C200911130727A
time shift:           2.5000
half duration:        2.0000
latitude:           -17.9600
longitude:          -64.2200
depth:              611.8000
Mrr:            7.240000E+23
Mtt:            9.020000E+23
Mpp:           -1.630000E+24
Mrt:           -3.430000E+24
Mrp:            6.010000E+24
Mtp:           -9.310000E+23
