 PDE 2009 10 02 15 47 09.40  -17.0200  174.5100  10.0 6.0 6.0 FIJI ISLANDS REGION
event name:   C200910021547A
time shift:           5.3000
half duration:        2.3000
latitude:           -16.8800
longitude:          174.7000
depth:               16.1000
Mrr:           -7.100000E+23
Mtt:            2.790000E+24
Mpp:           -2.090000E+24
Mrt:           -6.500000E+23
Mrp:           -2.070000E+24
Mtp:            1.010000E+25
