 PDE 2006 05 04 02 08 54.50  -58.2600  157.9300  10.0 5.9 5.6 MACQUARIE ISLAND REGION
event name:   C200605040209A
time shift:           7.7000
half duration:        2.1000
latitude:           -58.0900
longitude:          157.8000
depth:               32.4000
Mrr:            7.880000E+24
Mtt:           -2.410000E+24
Mpp:           -5.470000E+24
Mrt:           -1.000000E+22
Mrp:            1.300000E+24
Mtp:            3.780000E+24
