 PDE 2009 07 24 03 11 56.80   31.1600   85.9000  13.4 5.8 5.8 XIZANG
event name:   C200907240311A
time shift:           5.9000
half duration:        1.9000
latitude:            31.0500
longitude:           86.1000
depth:               28.1000
Mrr:           -6.450000E+23
Mtt:           -5.720000E+24
Mpp:            6.370000E+24
Mrt:            1.710000E+24
Mrp:            6.700000E+23
Mtp:            4.520000E+23
