 PDE 2006 04 30 21 40 58.40  -27.2100  -71.0600  12.0 6.5 6.7 NEAR COAST OF NORTHERN CHILE
event name:   C200604302141A
time shift:           8.9000
half duration:        4.2000
latitude:           -27.2800
longitude:          -71.5500
depth:               13.4000
Mrr:            3.440000E+25
Mtt:            4.980000E+24
Mpp:           -3.940000E+25
Mrt:            1.010000E+25
Mrp:           -5.280000E+25
Mtp:           -1.220000E+24
