 PDE 2005 02 14 18 05 59.30   15.7700  -61.7400  11.6 5.8 5.5 LEEWARD ISLANDS
event name:   C200502141805A
time shift:           4.2000
half duration:        2.0000
latitude:            15.8900
longitude:          -61.5600
depth:               12.0000
Mrr:           -6.710000E+24
Mtt:            2.820000E+24
Mpp:            3.890000E+24
Mrt:           -1.300000E+24
Mrp:            2.320000E+23
Mtp:           -3.590000E+24
