 PDE 2007 07 25 23 37 31.50    7.1600   92.5200  15.0 6.0 6.1 NICOBAR ISLANDS, INDIA REGION
event name:   C200707252337A
time shift:           3.5000
half duration:        2.4000
latitude:             7.0600
longitude:           92.5200
depth:               12.0000
Mrr:            1.090000E+25
Mtt:           -2.510000E+24
Mpp:           -8.380000E+24
Mrt:           -6.400000E+23
Mrp:           -1.630000E+24
Mtp:            5.630000E+24
