 PDE 2007 08 16 05 16 56.20  -14.2800  -76.1300  23.4 6.4 6.3 NEAR COAST OF PERU
event name:   C200708160516A
time shift:           6.7000
half duration:        3.6000
latitude:           -14.2900
longitude:          -76.3400
depth:               25.0000
Mrr:            2.420000E+25
Mtt:            1.000000E+22
Mpp:           -2.420000E+25
Mrt:            1.400000E+24
Mrp:           -3.950000E+25
Mtp:            8.730000E+24
