 PDE 2010 03 08 17 03 16.80  -25.7100  -66.6200  10.0 5.8 5.8 SALTA PROVINCE, ARGENTINA
event name:   C201003081703A
time shift:           6.1000
half duration:        1.9000
latitude:           -25.9400
longitude:          -66.8400
depth:               15.1000
Mrr:           -1.740000E+24
Mtt:            6.400000E+24
Mpp:           -4.660000E+24
Mrt:            2.420000E+24
Mrp:           -2.190000E+23
Mtp:           -2.680000E+24
