 PDE 2019 01 22 19 01 43.60  -43.1200   42.3600  13.0 6.6 6.7 PRINCE EDWARD ISLANDS REGION
event name:   C201901221901A
time shift:           6.1000
half duration:        5.1000
latitude:           -43.0100
longitude:           42.1700
depth:               18.5000
Mrr:           -1.110000E+26
Mtt:            1.130000E+26
Mpp:           -1.500000E+24
Mrt:            1.640000E+25
Mrp:            1.600000E+24
Mtp:            2.910000E+25
