 PDE 2015 06 20 23 39 09.50  -23.5300 -177.0900 151.0 5.9 5.9 SOUTH OF FIJI ISLANDS
event name:   C201506202339A
time shift:           2.4000
half duration:        2.3000
latitude:           -23.5300
longitude:         -176.8200
depth:              157.4000
Mrr:           -2.100000E+23
Mtt:           -3.900000E+23
Mpp:            6.000000E+23
Mrt:           -1.940000E+24
Mrp:           -9.540000E+24
Mtp:           -3.560000E+24
