 PDE 2018 12 30 08 39 12.40   -2.6800  102.3500 166.0 5.8 5.7 SOUTHERN SUMATRA, INDONESIA
event name:   C201812300839A
time shift:           1.8000
half duration:        1.9000
latitude:            -2.6800
longitude:          102.2500
depth:              175.5000
Mrr:           -1.180000E+24
Mtt:           -2.000000E+21
Mpp:            1.180000E+24
Mrt:           -3.330000E+23
Mrp:           -5.000000E+24
Mtp:           -3.610000E+24
