 PDE 2015 12 20 18 47 36.60    3.6400  117.6400  14.0 6.0 6.1 BORNEO
event name:   C201512201847A
time shift:           1.5000
half duration:        2.6000
latitude:             3.6600
longitude:          117.5600
depth:               12.0000
Mrr:            1.540000E+24
Mtt:            1.090000E+24
Mpp:           -2.630000E+24
Mrt:            8.300000E+23
Mrp:            2.670000E+24
Mtp:            1.450000E+25
