 PDE 2018 05 05 06 19 05.00   14.5700  123.9200  18.0 6.2 6.1 LUZON, PHILIPPINES
event name:   C201805050619A
time shift:           3.2000
half duration:        3.1000
latitude:            14.5500
longitude:          124.0200
depth:               24.3000
Mrr:            1.600000E+25
Mtt:           -2.370000E+24
Mpp:           -1.370000E+25
Mrt:           -6.710000E+24
Mrp:            2.030000E+25
Mtp:            5.580000E+24
