 PDE 2019 03 15 05 03 50.10  -17.8700  -65.9100 359.0 6.3 6.3 CENTRAL BOLIVIA
event name:   C201903150503A
time shift:           6.9000
half duration:        3.6000
latitude:           -17.7400
longitude:          -65.9000
depth:              380.5000
Mrr:            2.060000E+25
Mtt:           -2.340000E+25
Mpp:            2.870000E+24
Mrt:           -1.870000E+25
Mrp:           -1.360000E+25
Mtp:            2.700000E+25
