 PDE 2017 05 20 01 06 14.20    9.3900  123.9600 533.0 6.0 6.0 NEGROS, PHILIPPINES
event name:   C201705200106A
time shift:           2.2000
half duration:        2.4000
latitude:             9.3300
longitude:          124.0200
depth:              544.6000
Mrr:           -2.100000E+24
Mtt:           -4.650000E+24
Mpp:            6.750000E+24
Mrt:           -8.750000E+24
Mrp:            3.850000E+24
Mtp:           -3.600000E+24
