 PDE 2017 02 24 23 46 45.40  -17.9700 -178.4400 581.6 5.9 5.9 FIJI ISLANDS REGION
event name:   C201702242346A
time shift:           3.6000
half duration:        2.2000
latitude:           -17.9300
longitude:         -178.4200
depth:              592.5000
Mrr:            1.000000E+23
Mtt:            5.160000E+24
Mpp:           -5.250000E+24
Mrt:            3.430000E+24
Mrp:           -6.770000E+24
Mtp:           -2.780000E+24
