 PDE 2011 02 15 13 33 53.20   -2.5000  121.4800  16.2 6.1 6.1 SULAWESI, INDONESIA
event name:   C201102151333A
time shift:           1.6000
half duration:        2.6000
latitude:            -2.4500
longitude:          121.5700
depth:               12.9000
Mrr:           -1.440000E+24
Mtt:            9.840000E+24
Mpp:           -8.400000E+24
Mrt:            3.500000E+24
Mrp:            4.340000E+24
Mtp:            1.150000E+25
