 PDE 2019 07 11 17 08 38.00   -4.6400  155.2200 495.2 6.0 6.0 SOLOMON ISLANDS
event name:   C201907111708A
time shift:           0.8000
half duration:        2.4000
latitude:            -4.6600
longitude:          155.1900
depth:              493.1000
Mrr:           -1.110000E+25
Mtt:            1.160000E+25
Mpp:           -5.400000E+23
Mrt:            3.860000E+24
Mrp:           -2.100000E+24
Mtp:            3.030000E+24
