 PDE 2018 07 15 01 57 19.40   14.0600   51.7400  10.0 6.0 6.0 EASTERN GULF OF ADEN
event name:   C201807150157A
time shift:           3.9000
half duration:        2.6000
latitude:            13.9900
longitude:           51.5900
depth:               23.4000
Mrr:            4.600000E+23
Mtt:            1.170000E+25
Mpp:           -1.210000E+25
Mrt:            2.800000E+24
Mrp:            2.420000E+24
Mtp:            8.310000E+24
