 PDE 2012 06 07 04 05 04.50  -36.0700  -70.5700   8.0 6.0 6.0 CHILE-ARGENTINA BORDER REGION
event name:   C201206070405A
time shift:           5.5000
half duration:        2.4000
latitude:           -36.2300
longitude:          -70.9700
depth:               16.8000
Mrr:           -2.670000E+24
Mtt:            1.780000E+24
Mpp:            8.900000E+23
Mrt:            3.920000E+24
Mrp:           -1.600000E+23
Mtp:            1.150000E+25
