 PDE 2012 06 07 09 01 51.10  -20.1900 -176.3400 266.0 5.9 5.9 FIJI ISLANDS REGION
event name:   C201206070901A
time shift:           3.6000
half duration:        2.1000
latitude:           -20.3700
longitude:         -175.9600
depth:              276.7000
Mrr:            2.190000E+24
Mtt:            7.950000E+23
Mpp:           -2.980000E+24
Mrt:            5.350000E+24
Mrp:            4.520000E+24
Mtp:           -1.630000E+24
