 PDE 2011 04 28 13 07 43.80   10.1300 -103.6100  10.0 5.8 5.8 NORTHERN EAST PACIFIC RISE
event name:   C201104281307A
time shift:           2.3000
half duration:        1.9000
latitude:            10.4000
longitude:         -103.7200
depth:               15.0000
Mrr:           -3.950000E+23
Mtt:           -2.200000E+24
Mpp:            2.590000E+24
Mrt:           -2.820000E+23
Mrp:           -4.620000E+23
Mtp:            5.860000E+24
