 PDE 2012 04 15 05 57 40.10    2.5800   90.2700  25.0 6.3 6.2 OFF W COAST OF NORTHERN SUMATRA
event name:   C201204150557A
time shift:           2.5000
half duration:        3.3000
latitude:             2.4900
longitude:           90.3100
depth:               33.0000
Mrr:           -6.000000E+23
Mtt:           -1.450000E+25
Mpp:            1.510000E+25
Mrt:           -1.440000E+25
Mrp:           -4.750000E+24
Mtp:           -2.320000E+25
