 PDE 2019 09 01 15 54 20.40  -20.3600 -178.5700 591.0 6.7 6.6 FIJI ISLANDS REGION
event name:   C201909011554A
time shift:           5.1000
half duration:        5.3000
latitude:           -20.4000
longitude:         -178.5100
depth:              613.8000
Mrr:           -7.500000E+25
Mtt:            4.150000E+25
Mpp:            3.350000E+25
Mrt:           -6.840000E+25
Mrp:           -8.390000E+25
Mtp:            1.930000E+25
