 PDE 2018 01 18 12 08 53.90   52.5200  153.0100 466.2 5.8 5.8 NORTHWEST OF KURIL ISLANDS
event name:   C201801181208A
time shift:           2.3000
half duration:        1.9000
latitude:            52.6200
longitude:          153.0100
depth:              470.5000
Mrr:            2.430000E+23
Mtt:            1.690000E+24
Mpp:           -1.940000E+24
Mrt:            2.210000E+24
Mrp:           -8.820000E+23
Mtp:           -5.510000E+24
