 PDE 2010 06 30 04 31 02.20  -23.3100  179.1200 581.4 6.4 6.4 SOUTH OF FIJI ISLANDS
event name:   C201006300430A
time shift:           5.0000
half duration:        3.7000
latitude:           -23.1900
longitude:          179.2600
depth:              581.6000
Mrr:           -2.860000E+25
Mtt:            2.940000E+25
Mpp:           -7.300000E+23
Mrt:           -1.440000E+25
Mrp:           -1.490000E+25
Mtp:           -2.700000E+25
