 PDE 2019 12 25 20 20 12.80  -25.2200 -115.8400  10.0 6.1 6.1 SOUTHERN EAST PACIFIC RISE
event name:   C201912252020A
time shift:           4.7000
half duration:        2.7000
latitude:           -25.3800
longitude:         -116.1200
depth:               14.4000
Mrr:           -1.250000E+24
Mtt:           -1.450000E+25
Mpp:            1.580000E+25
Mrt:           -2.800000E+23
Mrp:           -4.100000E+23
Mtp:            7.280000E+24
