 PDE 2018 11 22 16 07 05.40  -54.2100 -137.5000  10.0 5.9 5.9 PACIFIC-ANTARCTIC RIDGE
event name:   C201811221607A
time shift:           8.2000
half duration:        2.2000
latitude:           -54.3700
longitude:         -136.8900
depth:               12.4000
Mrr:           -6.700000E+23
Mtt:            7.240000E+24
Mpp:           -6.580000E+24
Mrt:           -3.100000E+23
Mrp:           -2.200000E+23
Mtp:            5.630000E+24
