 PDE 2017 07 19 12 16 23.60  -17.4200   66.4800  10.0 6.0 6.0 MAURITIUS - REUNION REGION
event name:   C201707191216A
time shift:           6.0000
half duration:        2.5000
latitude:           -17.1100
longitude:           66.4900
depth:               17.1000
Mrr:           -1.140000E+24
Mtt:           -1.100000E+25
Mpp:            1.220000E+25
Mrt:           -1.330000E+24
Mrp:           -2.300000E+23
Mtp:            5.090000E+24
