 PDE 2019 07 06 03 19 53.00   35.7700 -117.6000   8.0 7.0 7.1 CENTRAL CALIFORNIA
event name:   C201907060319A
time shift:          12.4000
half duration:        8.0000
latitude:            35.7800
longitude:         -117.5800
depth:               12.0000
Mrr:           -2.330000E+25
Mtt:           -4.110000E+26
Mpp:            4.340000E+26
Mrt:            5.080000E+25
Mrp:            4.920000E+25
Mtp:            9.480000E+25
