 PDE 2017 08 11 05 28 25.80   14.0100  120.7400 172.0 6.3 6.2 LUZON, PHILIPPINES
event name:   C201708110528A
time shift:           1.1000
half duration:        3.3000
latitude:            14.0300
longitude:          120.6500
depth:              180.4000
Mrr:            3.460000E+25
Mtt:           -2.340000E+25
Mpp:           -1.120000E+25
Mrt:            8.270000E+24
Mrp:           -1.040000E+25
Mtp:            2.980000E+24
