 PDE 2019 12 04 20 10 03.60  -19.0700  169.5700 266.0 6.0 6.0 VANUATU ISLANDS
event name:   C201912042010A
time shift:           3.3000
half duration:        2.5000
latitude:           -19.0700
longitude:          169.4800
depth:              271.0000
Mrr:            4.870000E+24
Mtt:           -4.190000E+24
Mpp:           -6.800000E+23
Mrt:            1.420000E+24
Mrp:           -9.490000E+24
Mtp:           -9.290000E+24
