 PDE 2014 03 17 13 24 48.90  -53.1700  -32.3200   6.0 5.8 5.8 SOUTH GEORGIA ISLAND REGION
event name:   C201403171324A
time shift:           5.5000
half duration:        2.0000
latitude:           -53.2600
longitude:          -32.2100
depth:               25.3000
Mrr:            4.900000E+23
Mtt:            6.850000E+24
Mpp:           -7.340000E+24
Mrt:           -7.600000E+23
Mrp:           -4.400000E+23
Mtp:            2.200000E+23
