 PDE 2017 07 27 17 53 24.60   13.4000  -49.3300  10.0 6.0 6.0 NORTH ATLANTIC OCEAN
event name:   C201707271753A
time shift:           4.8000
half duration:        2.4000
latitude:            13.4200
longitude:          -49.3900
depth:               28.7000
Mrr:           -7.470000E+24
Mtt:            1.050000E+25
Mpp:           -2.990000E+24
Mrt:           -9.100000E+23
Mrp:            5.480000E+24
Mtp:            3.650000E+24
