 PDE 2018 11 02 11 01 15.90   47.8300  146.7000 433.0 6.0 6.0 NORTHWEST OF KURIL ISLANDS
event name:   C201811021101A
time shift:           1.8000
half duration:        2.5000
latitude:            47.8100
longitude:          146.6500
depth:              446.7000
Mrr:            7.050000E+24
Mtt:            2.400000E+24
Mpp:           -9.460000E+24
Mrt:           -1.480000E+24
Mrp:           -1.100000E+25
Mtp:            1.410000E+24
