 PDE 2019 07 14 05 39 23.40  -18.2200  120.3600  10.0 6.7 6.6 WESTERN AUSTRALIA
event name:   C201907140539A
time shift:           8.1000
half duration:        5.3000
latitude:           -18.1500
longitude:          120.2900
depth:               22.2000
Mrr:            1.770000E+25
Mtt:            9.180000E+25
Mpp:           -1.100000E+26
Mrt:            6.900000E+24
Mrp:            5.400000E+24
Mtp:            7.740000E+25
