 PDE 2019 05 31 11 57 24.70   18.7600 -107.1400  10.0 5.8 5.8 OFF COAST OF JALISCO, MEXICO
event name:   C201905311157A
time shift:           2.5000
half duration:        2.0000
latitude:            18.7700
longitude:         -107.0600
depth:               22.9000
Mrr:           -5.110000E+23
Mtt:           -3.810000E+24
Mpp:            4.320000E+24
Mrt:           -9.620000E+23
Mrp:            2.310000E+23
Mtp:           -5.630000E+24
