 PDE 2016 06 05 16 25 33.50   -4.5900  125.6300 429.6 6.3 6.3 BANDA SEA
event name:   C201606051625A
time shift:           3.0000
half duration:        3.5000
latitude:            -4.5100
longitude:          125.5600
depth:              449.0000
Mrr:           -2.470000E+25
Mtt:            9.740000E+24
Mpp:            1.500000E+25
Mrt:           -1.720000E+25
Mrp:           -1.850000E+25
Mtp:            1.250000E+25
