 PDE 2018 02 09 11 43 56.80  -17.8700 -178.6600 556.9 6.0 6.0 FIJI ISLANDS REGION
event name:   C201802091143A
time shift:           3.7000
half duration:        2.4000
latitude:           -17.8000
longitude:         -178.5400
depth:              571.3000
Mrr:            3.560000E+24
Mtt:            4.190000E+24
Mpp:           -7.750000E+24
Mrt:            8.400000E+24
Mrp:           -4.800000E+24
Mtp:            3.680000E+24
