 PDE 2013 02 09 14 16 07.90    1.1300  -77.3900 145.0 7.0 6.9 COLOMBIA
event name:   C201302091416A
time shift:           6.6000
half duration:        7.5000
latitude:             1.1600
longitude:          -77.4000
depth:              152.3000
Mrr:           -1.240000E+25
Mtt:           -7.320000E+25
Mpp:            8.560000E+25
Mrt:           -9.660000E+25
Mrp:           -1.070000E+26
Mtp:            3.300000E+26
