 PDE 2019 05 30 15 38 01.50  -21.7500 -176.3200 177.9 6.0 6.0 FIJI ISLANDS REGION
event name:   C201905301538A
time shift:           3.9000
half duration:        2.5000
latitude:           -21.7700
longitude:         -176.1300
depth:              180.0000
Mrr:           -2.100000E+24
Mtt:            1.490000E+24
Mpp:            6.200000E+23
Mrt:           -3.550000E+24
Mrp:           -1.220000E+25
Mtp:            2.750000E+24
