 PDE 2016 08 25 17 04 43.30   30.6200  137.8700 456.0 5.9 5.9 SOUTHEAST OF HONSHU, JAPAN
event name:   C201608251704A
time shift:           2.3000
half duration:        2.2000
latitude:            30.6900
longitude:          137.7800
depth:              473.2000
Mrr:           -2.810000E+24
Mtt:            6.580000E+24
Mpp:           -3.770000E+24
Mrt:            4.570000E+24
Mrp:           -3.800000E+24
Mtp:            4.050000E+24
