 PDE 2019 02 17 14 35 55.80   -3.3400  152.1300 368.1 6.4 6.4 NEW IRELAND REGION, P.N.G.
event name:   C201902171435A
time shift:           2.3000
half duration:        3.8000
latitude:            -3.3300
longitude:          152.1300
depth:              372.2000
Mrr:           -4.720000E+25
Mtt:            3.880000E+25
Mpp:            8.370000E+24
Mrt:            1.650000E+25
Mrp:           -2.230000E+24
Mtp:            7.570000E+24
