 PDE 2019 07 27 18 31 07.50   33.1500  137.3000 367.0 6.3 6.3 NEAR S. COAST OF HONSHU, JAPAN
event name:   C201907271831A
time shift:           3.6000
half duration:        3.6000
latitude:            33.1600
longitude:          137.1300
depth:              376.6000
Mrr:            1.270000E+25
Mtt:            1.330000E+25
Mpp:           -2.600000E+25
Mrt:            9.150000E+24
Mrp:           -3.150000E+25
Mtp:           -7.190000E+24
