 PDE 2019 01 05 19 25 38.50   -8.1400  -71.5900 570.4 6.8 6.8 WESTERN BRAZIL
event name:   C201901051925A
time shift:           2.7000
half duration:        5.9000
latitude:            -8.1000
longitude:          -71.6800
depth:              588.1000
Mrr:           -1.650000E+26
Mtt:            1.270000E+25
Mpp:            1.520000E+26
Mrt:           -4.060000E+25
Mrp:            4.710000E+25
Mtp:           -5.290000E+25
