 PDE 2014 05 10 07 36 01.20   17.2200 -100.8100  23.0 6.1 6.0 GUERRERO, MEXICO
event name:   C201405100736A
time shift:           4.1000
half duration:        2.7000
latitude:            17.3100
longitude:         -100.8200
depth:               20.7000
Mrr:            1.110000E+25
Mtt:           -9.470000E+24
Mpp:           -1.610000E+24
Mrt:            1.020000E+25
Mrp:           -6.240000E+24
Mtp:            3.740000E+24
