 PDE 2019 04 01 18 39 05.90  -18.2100   65.3700  10.0 6.0 6.0 MAURITIUS - REUNION REGION
event name:   C201904011839A
time shift:           4.6000
half duration:        2.4000
latitude:           -17.7700
longitude:           65.2300
depth:               16.1000
Mrr:           -1.340000E+24
Mtt:           -9.990000E+24
Mpp:            1.130000E+25
Mrt:           -1.990000E+24
Mrp:            5.600000E+23
Mtp:            6.110000E+24
