 PDE 2017 06 30 01 34 58.10   33.7400  -38.5400  10.0 6.0 5.9 NORTHERN MID-ATLANTIC RIDGE
event name:   C201706300134A
time shift:           3.9000
half duration:        2.3000
latitude:            33.7900
longitude:          -38.5600
depth:               19.6000
Mrr:           -5.100000E+23
Mtt:            3.960000E+24
Mpp:           -3.450000E+24
Mrt:           -3.010000E+24
Mrp:            2.500000E+23
Mtp:            9.300000E+24
