 PDE 2017 01 08 23 47 14.40   74.3900  -92.4300  31.0 6.1 6.0 QUEEN ELIZABETH ISLANDS, CANADA
event name:   C201701082347A
time shift:           1.6000
half duration:        2.7000
latitude:            74.4400
longitude:          -92.0600
depth:               33.1000
Mrr:            1.570000E+25
Mtt:           -8.300000E+24
Mpp:           -7.420000E+24
Mrt:           -1.670000E+24
Mrp:            1.630000E+24
Mtp:            9.500000E+24
