 PDE 2015 06 21 21 28 16.30  -20.4300 -178.3300 562.6 6.0 6.0 FIJI ISLANDS REGION
event name:   C201506212128A
time shift:           2.7000
half duration:        2.4000
latitude:           -20.3400
longitude:         -178.3600
depth:              571.1000
Mrr:           -8.120000E+24
Mtt:           -3.030000E+24
Mpp:            1.120000E+25
Mrt:           -4.210000E+24
Mrp:           -4.770000E+24
Mtp:           -2.880000E+24
