 PDE 2018 01 31 07 07 00.30   36.5300   70.8500 193.7 6.2 6.2 HINDU KUSH REGION, AFGHANISTAN
event name:   C201801310707A
time shift:           1.8000
half duration:        3.2000
latitude:            36.5100
longitude:           70.7200
depth:              205.3000
Mrr:            2.240000E+25
Mtt:           -1.750000E+25
Mpp:           -4.900000E+24
Mrt:            1.080000E+25
Mrp:            1.450000E+25
Mtp:           -9.850000E+24
