 PDE 2019 03 10 08 12 26.40  -17.8900 -178.6000 578.2 6.3 6.2 FIJI ISLANDS REGION
event name:   C201903100812A
time shift:           2.9000
half duration:        3.3000
latitude:           -17.8100
longitude:         -178.6100
depth:              580.7000
Mrr:           -1.280000E+25
Mtt:            2.210000E+25
Mpp:           -9.350000E+24
Mrt:            2.010000E+25
Mrp:           -9.660000E+24
Mtp:            1.200000E+25
