 PDE 2019 07 01 16 59 25.30    9.1700  124.1900 533.0 5.9 5.9 MINDANAO, PHILIPPINES
event name:   C201907011659A
time shift:           0.8000
half duration:        2.3000
latitude:             9.1500
longitude:          124.0900
depth:              545.8000
Mrr:           -7.700000E+24
Mtt:           -6.000000E+23
Mpp:            8.300000E+24
Mrt:           -2.640000E+24
Mrp:           -5.220000E+24
Mtp:            2.200000E+23
