 PDE 2012 09 03 18 23 05.20  -10.7100  113.9300  14.0 6.3 6.2 SOUTH OF JAVA, INDONESIA
event name:   C201209031823A
time shift:           3.3000
half duration:        3.5000
latitude:           -10.9600
longitude:          113.9100
depth:               17.2000
Mrr:           -3.070000E+25
Mtt:            3.370000E+25
Mpp:           -2.970000E+24
Mrt:            1.120000E+25
Mrp:            2.910000E+24
Mtp:           -1.170000E+25
