 PDE 2017 11 11 00 36 15.00  -11.7400  -14.1100  10.0 6.1 6.1 ASCENSION ISLAND REGION
event name:   C201711110036A
time shift:           4.5000
half duration:        2.8000
latitude:           -11.6900
longitude:          -14.2500
depth:               12.0000
Mrr:            1.900000E+23
Mtt:           -8.080000E+24
Mpp:            7.890000E+24
Mrt:           -2.820000E+24
Mrp:            1.080000E+24
Mtp:            1.730000E+25
