 PDE 2017 07 18 02 05 19.80  -16.4200  -73.6300  43.3 6.4 6.4 NEAR COAST OF PERU
event name:   C201707180205A
time shift:           4.8000
half duration:        4.0000
latitude:           -16.7000
longitude:          -73.6500
depth:               66.4000
Mrr:            2.890000E+25
Mtt:           -6.110000E+25
Mpp:            3.220000E+25
Mrt:            2.430000E+25
Mrp:           -9.830000E+24
Mtp:            1.530000E+25
