 PDE 2017 04 15 08 19 43.40  -23.2700  -67.7700 155.0 6.3 6.2 CHILE-ARGENTINA BORDER REGION
event name:   C201704150819A
time shift:           4.9000
half duration:        3.3000
latitude:           -23.2000
longitude:          -67.9200
depth:              164.2000
Mrr:           -9.550000E+24
Mtt:           -4.440000E+24
Mpp:            1.400000E+25
Mrt:            4.270000E+24
Mrp:           -2.770000E+25
Mtp:           -1.020000E+25
