 PDE 2018 02 17 00 36 52.30   16.1600  -97.8900   4.2 6.0 5.8 OAXACA, MEXICO
event name:   C201802170036A
time shift:           4.9000
half duration:        2.3000
latitude:            16.1700
longitude:          -97.8000
depth:               16.7000
Mrr:            6.130000E+24
Mtt:           -5.560000E+24
Mpp:           -5.700000E+23
Mrt:            8.870000E+24
Mrp:           -8.100000E+23
Mtp:            5.200000E+23
