 PDE 2011 04 24 23 07 51.50   -4.5900  122.7700   8.0 6.1 6.1 SULAWESI, INDONESIA
event name:   C201104242307A
time shift:           3.3000
half duration:        2.7000
latitude:            -4.2700
longitude:          122.8000
depth:               15.0000
Mrr:           -2.600000E+24
Mtt:            1.670000E+25
Mpp:           -1.410000E+25
Mrt:            6.560000E+24
Mrp:            7.960000E+24
Mtp:           -4.670000E+24
