 PDE 2018 05 04 22 32 54.40   19.3100 -155.0000   2.1 6.9 6.9 HAWAII
event name:   C201805042232A
time shift:          16.2000
half duration:        6.7000
latitude:            19.1200
longitude:         -154.7600
depth:               12.0000
Mrr:            1.530000E+26
Mtt:           -8.960000E+25
Mpp:           -6.380000E+25
Mrt:            1.340000E+26
Mrp:            1.660000E+26
Mtp:           -7.830000E+25
