 PDE 2016 05 31 05 23 47.30   25.5600  122.5500 246.4 6.4 6.4 TAIWAN REGION
event name:   C201605310523A
time shift:           4.5000
half duration:        3.7000
latitude:            25.4200
longitude:          122.3500
depth:              250.4000
Mrr:           -3.700000E+25
Mtt:            3.600000E+23
Mpp:            3.670000E+25
Mrt:           -4.630000E+24
Mrp:            2.030000E+25
Mtp:           -9.610000E+24
