 PDE 2010 02 28 19 48 37.90  -38.0800  -73.6300  35.0 5.8 5.9 NEAR COAST OF CENTRAL CHILE
event name:   C201002281948A
time shift:           1.2000
half duration:        2.3000
latitude:           -38.3600
longitude:          -74.1500
depth:               15.1000
Mrr:            3.880000E+24
Mtt:           -6.300000E+22
Mpp:           -3.810000E+24
Mrt:           -2.000000E+22
Mrp:           -6.080000E+24
Mtp:           -3.400000E+22
