 PDE 2018 03 24 19 58 33.40  -45.7800   96.0700  10.0 6.1 6.0 SOUTHEAST INDIAN RIDGE
event name:   C201803241958A
time shift:           5.3000
half duration:        2.6000
latitude:           -45.6900
longitude:           95.9300
depth:               12.0000
Mrr:            4.200000E+23
Mtt:           -1.470000E+25
Mpp:            1.430000E+25
Mrt:           -7.300000E+23
Mrp:           -2.900000E+23
Mtp:           -5.170000E+24
