 PDE 2010 06 30 07 22 27.70   16.4000  -97.7800  20.0 6.3 6.3 OAXACA, MEXICO
event name:   C201006300722A
time shift:           5.1000
half duration:        3.3000
latitude:            16.4700
longitude:          -97.7700
depth:               17.8000
Mrr:            1.220000E+25
Mtt:           -1.020000E+25
Mpp:           -2.020000E+24
Mrt:            2.300000E+25
Mrp:           -1.600000E+25
Mtp:            4.780000E+24
