 PDE 2016 01 13 05 56 02.20  -15.1700 -174.8800 263.0 5.9 5.9 TONGA ISLANDS
event name:   C201601130555A
time shift:           4.2000
half duration:        2.2000
latitude:           -15.1000
longitude:         -174.6700
depth:              264.2000
Mrr:           -4.350000E+24
Mtt:            4.000000E+22
Mpp:            4.310000E+24
Mrt:           -3.100000E+23
Mrp:           -8.130000E+24
Mtp:           -1.230000E+24
