 PDE 2010 02 26 20 31 27.00   25.9300  128.4300  25.0 7.0 7.0 RYUKYU ISLANDS, JAPAN
event name:   C201002262031A
time shift:           2.7000
half duration:        7.4000
latitude:            25.8600
longitude:          128.6100
depth:               18.0000
Mrr:           -7.540000E+25
Mtt:            4.130000E+25
Mpp:            3.420000E+25
Mrt:            7.950000E+25
Mrp:            8.000000E+25
Mtp:            3.360000E+26
