 PDE 2018 05 10 18 02 29.00    6.8700  123.7600 535.0 5.9 5.9 MINDANAO, PHILIPPINES
event name:   C201805101802A
time shift:           0.8000
half duration:        2.1000
latitude:             6.9500
longitude:          123.7000
depth:              543.1000
Mrr:           -3.470000E+24
Mtt:           -1.130000E+24
Mpp:            4.600000E+24
Mrt:            2.050000E+24
Mrp:           -5.950000E+24
Mtp:            3.520000E+24
