 PDE 2019 06 25 06 01 51.00  -47.8700   99.4500  10.0 5.8 5.9 SOUTHEAST INDIAN RIDGE
event name:   C201906250601A
time shift:           1.6000
half duration:        2.0000
latitude:           -47.9100
longitude:           99.6000
depth:               12.1000
Mrr:            1.220000E+23
Mtt:            6.110000E+24
Mpp:           -6.230000E+24
Mrt:            5.810000E+23
Mrp:            2.810000E+23
Mtp:            1.960000E+24
