 PDE 2018 08 25 22 13 25.60   34.6100   46.2400  10.0 6.0 6.0 WESTERN IRAN
event name:   C201808252213A
time shift:           1.6000
half duration:        2.4000
latitude:            34.4900
longitude:           46.1000
depth:               16.0000
Mrr:            6.400000E+23
Mtt:           -1.140000E+24
Mpp:            5.000000E+23
Mrt:            3.870000E+24
Mrp:           -1.200000E+24
Mtp:            1.200000E+25
