 PDE 2012 02 05 00 15 38.90  -18.8900  168.9200 145.0 6.1 6.1 VANUATU ISLANDS
event name:   C201202050015A
time shift:           4.7000
half duration:        2.8000
latitude:           -19.0200
longitude:          168.8800
depth:              155.6000
Mrr:            8.130000E+24
Mtt:           -2.940000E+24
Mpp:           -5.190000E+24
Mrt:           -5.420000E+24
Mrp:           -9.340000E+24
Mtp:            1.270000E+25
