 PDE 2019 08 14 21 35 18.50   20.5000 -109.2900  10.0 5.8 5.9 REVILLA GIGEDO ISLANDS REGION
event name:   C201908142135A
time shift:           3.0000
half duration:        2.0000
latitude:            20.5700
longitude:         -109.1600
depth:               12.2000
Mrr:           -3.200000E+22
Mtt:           -5.870000E+24
Mpp:            5.900000E+24
Mrt:           -4.460000E+23
Mrp:            2.340000E+23
Mtp:            4.490000E+24
