 PDE 2014 09 24 11 16 14.90  -23.8200  -66.6400 224.0 6.2 6.2 JUJUY PROVINCE, ARGENTINA
event name:   C201409241116A
time shift:           4.1000
half duration:        3.2000
latitude:           -23.7800
longitude:          -66.7200
depth:              227.6000
Mrr:           -2.270000E+25
Mtt:           -2.140000E+24
Mpp:            2.480000E+25
Mrt:           -1.920000E+24
Mrp:           -1.280000E+25
Mtp:            6.700000E+23
