 PDE 2012 07 06 02 28 22.20  -14.6600  167.3400 160.1 6.4 6.3 VANUATU ISLANDS
event name:   C201207060228A
time shift:           4.1000
half duration:        3.8000
latitude:           -14.7400
longitude:          167.1900
depth:              168.7000
Mrr:            4.040000E+25
Mtt:           -3.850000E+24
Mpp:           -3.650000E+25
Mrt:           -1.450000E+25
Mrp:           -8.340000E+24
Mtp:            1.960000E+25
