 PDE 2019 04 06 21 55 01.60   -6.8500  125.0100 539.0 6.3 6.3 BANDA SEA
event name:   C201904062155A
time shift:           2.5000
half duration:        3.4000
latitude:            -6.9200
longitude:          124.8600
depth:              546.5000
Mrr:           -8.180000E+24
Mtt:           -8.570000E+24
Mpp:            1.670000E+25
Mrt:           -2.430000E+25
Mrp:           -1.070000E+25
Mtp:            1.350000E+25
