 PDE 2019 07 31 15 02 33.80  -16.2000  168.0000 181.0 6.6 6.6 VANUATU ISLANDS
event name:   C201907311502A
time shift:           3.5000
half duration:        5.0000
latitude:           -16.2800
longitude:          167.8500
depth:              187.8000
Mrr:            2.050000E+25
Mtt:            3.310000E+25
Mpp:           -5.360000E+25
Mrt:           -7.190000E+25
Mrp:           -3.380000E+25
Mtp:            6.120000E+25
