 PDE 2019 05 08 13 47 19.70  -15.7800  -75.1000  15.3 5.8 5.7 NEAR COAST OF PERU
event name:   C201905081347A
time shift:           5.0000
half duration:        1.9000
latitude:           -15.7900
longitude:          -75.0600
depth:               19.5000
Mrr:            3.580000E+24
Mtt:           -1.240000E+23
Mpp:           -3.460000E+24
Mrt:            6.100000E+23
Mrp:           -4.770000E+24
Mtp:            1.960000E+24
