 PDE 2018 01 02 14 57 19.10  -24.8200  178.4500 579.5 6.0 5.9 SOUTH OF FIJI ISLANDS
event name:   C201801021457A
time shift:           4.5000
half duration:        2.3000
latitude:           -24.8000
longitude:          178.4200
depth:              587.6000
Mrr:           -5.550000E+24
Mtt:            4.750000E+24
Mpp:            8.100000E+23
Mrt:           -2.420000E+24
Mrp:           -6.510000E+24
Mtp:           -7.180000E+24
