 PDE 2012 04 02 17 36 42.10   16.4000  -98.3200   9.0 6.0 6.0 NEAR COAST OF GUERRERO, MEXICO
event name:   C201204021736A
time shift:           3.8000
half duration:        2.6000
latitude:            16.5800
longitude:          -98.3500
depth:               12.0000
Mrr:           -1.310000E+25
Mtt:            1.400000E+25
Mpp:           -9.200000E+23
Mrt:            6.840000E+24
Mrp:           -6.200000E+23
Mtp:            1.500000E+23
