 PDE 2018 08 28 07 08 11.40  -10.7700  124.1900  14.0 6.2 6.2 TIMOR REGION
event name:   C201808280708A
time shift:           6.5000
half duration:        3.0000
latitude:           -10.8200
longitude:          124.1400
depth:               12.0000
Mrr:            2.080000E+25
Mtt:           -2.410000E+25
Mpp:            3.240000E+24
Mrt:           -3.880000E+24
Mrp:           -5.280000E+24
Mtp:           -1.560000E+24
