 PDE 2017 10 23 08 32 32.50  -52.3400   16.7800  10.0 5.8 5.8 SOUTHWEST OF AFRICA
event name:   C201710230832A
time shift:           3.9000
half duration:        2.0000
latitude:           -52.4100
longitude:           17.3600
depth:               12.0000
Mrr:           -6.670000E+24
Mtt:            5.480000E+24
Mpp:            1.180000E+24
Mrt:           -1.550000E+23
Mrp:           -2.880000E+23
Mtp:           -2.260000E+24
