 PDE 2018 10 29 20 17 22.50  -57.5500  -66.3000  10.0 5.8 5.8 DRAKE PASSAGE
event name:   C201810292017A
time shift:           3.9000
half duration:        2.0000
latitude:           -57.6900
longitude:          -66.4300
depth:               28.5000
Mrr:            5.120000E+24
Mtt:           -1.340000E+24
Mpp:           -3.780000E+24
Mrt:            2.390000E+24
Mrp:            3.000000E+24
Mtp:            3.140000E+24
