 PDE 2017 05 01 14 18 15.30   59.8300 -136.7000   2.5 6.2 6.3 SOUTHEASTERN ALASKA
event name:   C201705011418A
time shift:           6.8000
half duration:        3.3000
latitude:            59.9100
longitude:         -136.6000
depth:               14.1000
Mrr:            5.220000E+24
Mtt:            6.900000E+24
Mpp:           -1.210000E+25
Mrt:           -5.590000E+24
Mrp:           -4.120000E+24
Mtp:            2.770000E+25
