 PDE 2019 08 08 11 25 31.10   37.9500   29.7000  11.0 5.9 5.9 TURKEY
event name:   C201908081125A
time shift:           1.6000
half duration:        2.1000
latitude:            37.8100
longitude:           29.6800
depth:               14.7000
Mrr:           -7.670000E+24
Mtt:            7.660000E+24
Mpp:            1.000000E+22
Mrt:           -2.830000E+24
Mrp:            7.400000E+23
Mtp:           -1.010000E+24
