 PDE 2019 03 01 01 02 12.30  -53.4100  159.5800  10.0 5.8 5.7 MACQUARIE ISLAND REGION
event name:   C201903010102A
time shift:           3.0000
half duration:        2.0000
latitude:           -53.3200
longitude:          159.2900
depth:               19.0000
Mrr:           -6.780000E+23
Mtt:            6.500000E+24
Mpp:           -5.820000E+24
Mrt:           -1.340000E+24
Mrp:            4.480000E+23
Mtp:            1.780000E+24
