 PDE 2018 10 21 01 40 38.00  -29.5400   60.7500  10.0 5.9 5.8 SOUTHWEST INDIAN RIDGE
event name:   C201810210140A
time shift:           0.7000
half duration:        2.2000
latitude:           -29.5900
longitude:           60.6300
depth:               12.1000
Mrr:           -2.420000E+24
Mtt:            3.140000E+24
Mpp:           -7.150000E+23
Mrt:            1.180000E+24
Mrp:            1.820000E+24
Mtp:            8.350000E+24
