 PDE 2019 03 10 12 48 00.60  -10.1300  152.0700   9.0 6.0 6.0 D'ENTRECASTEAUX ISLANDS REGION
event name:   C201903101248A
time shift:           2.7000
half duration:        2.6000
latitude:           -10.1300
longitude:          152.0900
depth:               12.0000
Mrr:           -2.870000E+24
Mtt:            1.530000E+25
Mpp:           -1.250000E+25
Mrt:            5.100000E+23
Mrp:           -3.100000E+23
Mtp:            5.240000E+24
