 PDE 2018 07 21 20 56 19.90  -48.2200   99.6400  10.0 5.8 5.9 SOUTHEAST INDIAN RIDGE
event name:   C201807212056A
time shift:           3.8000
half duration:        2.0000
latitude:           -48.1000
longitude:           99.3900
depth:               12.0000
Mrr:           -2.760000E+23
Mtt:            6.640000E+24
Mpp:           -6.360000E+24
Mrt:            2.410000E+23
Mrp:            4.940000E+23
Mtp:            2.500000E+24
