 PDE 2014 07 31 13 41 00.80   12.4400   95.2100  10.0 5.8 5.8 ANDAMAN ISLANDS, INDIA REGION
event name:   C201407311341A
time shift:           2.4000
half duration:        2.0000
latitude:            12.3000
longitude:           95.1900
depth:               12.0000
Mrr:           -4.670000E+24
Mtt:            2.670000E+24
Mpp:            2.000000E+24
Mrt:            1.200000E+24
Mrp:            8.630000E+23
Mtp:            6.560000E+24
