 PDE 2015 05 20 00 30 54.70  -19.3000 -175.5200 203.0 6.0 6.0 TONGA ISLANDS
event name:   C201505200030A
time shift:           2.6000
half duration:        2.5000
latitude:           -19.3500
longitude:         -175.1400
depth:              206.0000
Mrr:           -3.060000E+24
Mtt:            4.590000E+24
Mpp:           -1.520000E+24
Mrt:           -4.580000E+24
Mrp:           -1.130000E+25
Mtp:            4.020000E+24
