 PDE 2019 07 13 00 57 44.30   29.3500  128.1500 251.0 6.1 6.1 NORTHWEST OF RYUKYU ISLANDS
event name:   C201907130057A
time shift:           2.2000
half duration:        2.8000
latitude:            29.3800
longitude:          128.1400
depth:              254.2000
Mrr:           -1.670000E+25
Mtt:           -6.600000E+23
Mpp:            1.740000E+25
Mrt:           -4.820000E+24
Mrp:           -6.700000E+24
Mtp:           -3.220000E+24
