 PDE 2013 09 06 11 33 53.90   20.1900  122.3100 178.1 6.0 6.0 PHILIPPINE ISLANDS REGION
event name:   C201309061133A
time shift:           2.2000
half duration:        2.4000
latitude:            20.2400
longitude:          122.3100
depth:              187.7000
Mrr:           -7.590000E+24
Mtt:            3.460000E+24
Mpp:            4.120000E+24
Mrt:           -5.180000E+24
Mrp:            2.420000E+24
Mtp:            7.170000E+24
