 PDE 2011 08 13 07 33 06.10   14.3900  -94.6700   6.0 5.8 5.8 OFF COAST OF CHIAPAS, MEXICO
event name:   C201108130733A
time shift:           2.3000
half duration:        2.0000
latitude:            14.5400
longitude:          -94.9800
depth:               12.0000
Mrr:           -6.050000E+24
Mtt:            4.570000E+24
Mpp:            1.480000E+24
Mrt:            1.020000E+24
Mrp:            6.790000E+23
Mtp:           -3.670000E+24
