 PDE 2016 11 23 09 59 57.20   27.1800  140.0200 481.0 5.8 5.8 BONIN ISLANDS, JAPAN REGION
event name:   C201611230959A
time shift:           4.0000
half duration:        2.0000
latitude:            27.3600
longitude:          140.0200
depth:              491.1000
Mrr:           -3.710000E+23
Mtt:           -1.840000E+23
Mpp:            5.560000E+23
Mrt:            1.660000E+23
Mrp:           -4.970000E+24
Mtp:           -4.450000E+24
