 PDE 2015 03 30 10 34 53.10  -39.2900   78.0900  10.0 5.9 5.9 MID-INDIAN RIDGE
event name:   C201503301034A
time shift:           4.8000
half duration:        2.1000
latitude:           -39.2500
longitude:           77.9800
depth:               12.0000
Mrr:           -2.100000E+23
Mtt:           -7.510000E+24
Mpp:            7.710000E+24
Mrt:           -7.900000E+23
Mrp:            2.060000E+24
Mtp:           -1.900000E+24
