 PDE 2013 02 16 05 16 17.10  -36.5100  177.9300 207.1 5.8 5.8 OFF E. COAST OF N. ISLAND, N.Z.
event name:   C201302160516A
time shift:           2.2000
half duration:        2.0000
latitude:           -36.1000
longitude:          178.2000
depth:              185.2000
Mrr:            4.680000E+24
Mtt:           -2.160000E+23
Mpp:           -4.460000E+24
Mrt:            3.570000E+24
Mrp:            3.480000E+24
Mtp:           -2.230000E+24
