 PDE 2011 09 03 16 20 41.00  -38.4400  -74.9100  12.0 5.8 5.8 OFF COAST OF CENTRAL CHILE
event name:   C201109031620A
time shift:          16.3000
half duration:        2.0000
latitude:           -38.2700
longitude:          -74.1700
depth:               18.3000
Mrr:            3.380000E+24
Mtt:            1.000000E+23
Mpp:           -3.480000E+24
Mrt:           -3.800000E+22
Mrp:           -5.470000E+24
Mtp:           -1.530000E+23
