 PDE 2018 10 07 00 11 51.20   20.0300  -73.0100  24.0 5.9 5.9 HAITI REGION
event name:   C201810070011A
time shift:           4.7000
half duration:        2.2000
latitude:            20.2200
longitude:          -72.9300
depth:               21.5000
Mrr:            2.990000E+24
Mtt:           -1.390000E+24
Mpp:           -1.600000E+24
Mrt:           -7.850000E+24
Mrp:            2.960000E+24
Mtp:            2.860000E+24
