 PDE 2019 07 02 09 44 33.20   -1.5200   67.6100  10.0 5.9 5.8 CARLSBERG RIDGE
event name:   C201907020944A
time shift:           5.2000
half duration:        2.1000
latitude:            -1.2200
longitude:           67.5500
depth:               17.0000
Mrr:           -1.350000E+24
Mtt:           -7.080000E+24
Mpp:            8.430000E+24
Mrt:           -1.420000E+24
Mrp:            2.700000E+23
Mtp:           -2.520000E+24
