 PDE 2019 01 10 17 00 37.60  -26.9100 -175.5400  10.0 5.8 5.8 SOUTH OF TONGA ISLANDS
event name:   C201901101700A
time shift:          14.4000
half duration:        2.0000
latitude:           -26.8100
longitude:         -175.6600
depth:               12.0000
Mrr:            5.570000E+24
Mtt:           -1.530000E+23
Mpp:           -5.420000E+24
Mrt:            1.000000E+24
Mrp:            4.980000E+24
Mtp:           -7.530000E+23
