 PDE 2016 12 10 16 24 35.00   -5.6600  154.4700 142.6 6.1 6.0 SOLOMON ISLANDS
event name:   C201612101624A
time shift:           2.6000
half duration:        2.6000
latitude:            -5.8200
longitude:          154.4300
depth:              159.4000
Mrr:            1.350000E+25
Mtt:           -7.960000E+24
Mpp:           -5.500000E+24
Mrt:            3.650000E+24
Mrp:            3.570000E+24
Mtp:            8.800000E+24
