 PDE 2012 11 15 09 20 21.90   18.3500 -100.3800  53.0 6.1 6.1 GUERRERO, MEXICO
event name:   C201211150920A
time shift:           1.6000
half duration:        2.6000
latitude:            18.3000
longitude:         -100.4800
depth:               52.7000
Mrr:           -1.520000E+25
Mtt:            1.390000E+25
Mpp:            1.210000E+24
Mrt:           -4.020000E+24
Mrp:           -3.900000E+23
Mtp:           -5.400000E+24
