 PDE 2019 04 29 14 19 52.50   10.8600   57.2300  10.0 6.3 6.3 CARLSBERG RIDGE
event name:   C201904291419A
time shift:           1.9000
half duration:        3.5000
latitude:            10.9400
longitude:           57.1400
depth:               15.9000
Mrr:            1.470000E+24
Mtt:           -3.080000E+25
Mpp:            2.930000E+25
Mrt:           -7.730000E+24
Mrp:           -1.330000E+25
Mtp:           -1.820000E+25
