 PDE 2017 07 06 06 30 17.00   46.8800 -112.5700  12.2 5.8 5.8 MONTANA
event name:   C201707060630A
time shift:           3.6000
half duration:        2.0000
latitude:            46.9500
longitude:         -112.4600
depth:               22.3000
Mrr:           -2.430000E+24
Mtt:           -2.290000E+24
Mpp:            4.720000E+24
Mrt:            3.630000E+23
Mrp:            8.500000E+22
Mtp:           -5.940000E+24
