 PDE 2012 01 15 14 21 31.40  -60.8800  -55.9700  10.0 6.0 6.0 SOUTH SHETLAND ISLANDS
event name:   C201201151421A
time shift:           6.1000
half duration:        2.3000
latitude:           -60.7300
longitude:          -56.2200
depth:               17.7000
Mrr:           -2.400000E+23
Mtt:            9.210000E+24
Mpp:           -8.980000E+24
Mrt:           -2.280000E+24
Mrp:            5.820000E+24
Mtp:            1.620000E+24
