 PDE 2011 11 01 12 32 00.40   19.8300 -109.2000  10.0 6.2 6.3 REVILLA GIGEDO ISLANDS REGION
event name:   C201111011232A
time shift:           3.8000
half duration:        3.2000
latitude:            19.9300
longitude:         -109.3200
depth:               17.4000
Mrr:            3.900000E+23
Mtt:           -2.340000E+25
Mpp:            2.300000E+25
Mrt:           -1.470000E+24
Mrp:           -1.400000E+24
Mtp:           -1.410000E+25
