 PDE 2016 10 17 07 14 50.90   32.9000   94.8800  35.0 6.0 5.9 XIZANG
event name:   C201610170714A
time shift:          -1.3000
half duration:        2.4000
latitude:            32.7900
longitude:           94.9500
depth:               20.9000
Mrr:           -5.480000E+24
Mtt:           -2.490000E+24
Mpp:            7.970000E+24
Mrt:           -5.800000E+24
Mrp:            3.440000E+24
Mtp:            7.080000E+24
