 PDE 2010 08 24 02 11 59.10   18.8000 -107.1900  10.0 6.2 6.1 OFF COAST OF JALISCO, MEXICO
event name:   C201008240212A
time shift:           8.6000
half duration:        3.0000
latitude:            18.8400
longitude:         -107.4200
depth:               24.4000
Mrr:           -9.000000E+22
Mtt:           -1.440000E+25
Mpp:            1.450000E+25
Mrt:           -2.070000E+24
Mrp:            2.680000E+24
Mtp:           -1.810000E+25
