 PDE 2015 06 04 23 15 43.90    5.9900  116.5400  10.0 6.0 6.0 BORNEO
event name:   C201506042315A
time shift:           2.7000
half duration:        2.4000
latitude:             6.1700
longitude:          116.6500
depth:               12.3000
Mrr:           -6.400000E+24
Mtt:           -7.600000E+23
Mpp:            7.160000E+24
Mrt:            7.680000E+24
Mrp:            5.910000E+24
Mtp:            2.740000E+24
