 PDE 2012 05 19 08 35 10.70  -25.7300  -70.5600  28.0 5.9 5.9 NEAR COAST OF NORTHERN CHILE
event name:   C201205190835A
time shift:           4.6000
half duration:        2.1000
latitude:           -25.8400
longitude:          -71.1400
depth:               32.6000
Mrr:            6.880000E+24
Mtt:            7.400000E+23
Mpp:           -7.610000E+24
Mrt:            3.300000E+24
Mrp:           -1.610000E+24
Mtp:           -3.200000E+23
