 PDE 2016 08 04 16 24 33.50   24.9400  142.0100 510.0 6.3 6.3 VOLCANO ISLANDS, JAPAN REGION
event name:   C201608041624A
time shift:           4.7000
half duration:        3.3000
latitude:            24.9800
longitude:          141.9100
depth:              522.7000
Mrr:           -1.270000E+25
Mtt:            5.020000E+24
Mpp:            7.680000E+24
Mrt:           -5.040000E+24
Mrp:           -2.640000E+25
Mtp:           -1.370000E+25
