 PDE 2016 10 15 08 03 38.20   -4.2700  150.3600 442.0 6.3 6.3 NEW BRITAIN REGION, P.N.G.
event name:   C201610150803A
time shift:           3.8000
half duration:        3.5000
latitude:            -4.1600
longitude:          150.4000
depth:              452.6000
Mrr:           -3.020000E+25
Mtt:            5.560000E+24
Mpp:            2.460000E+25
Mrt:           -1.970000E+25
Mrp:           -1.090000E+24
Mtp:            1.820000E+25
