 PDE 2018 10 14 12 41 14.40  -42.2900   88.6900  10.0 5.9 5.9 SOUTHEAST INDIAN RIDGE
event name:   C201810141241A
time shift:           5.0000
half duration:        2.2000
latitude:           -41.9000
longitude:           88.3600
depth:               12.0000
Mrr:           -6.400000E+23
Mtt:            9.200000E+24
Mpp:           -8.560000E+24
Mrt:            2.200000E+23
Mrp:           -1.700000E+23
Mtp:            6.800000E+23
