 PDE 2016 11 12 16 15 50.00  -24.9700  178.7900 548.0 5.9 5.9 SOUTH OF FIJI ISLANDS
event name:   C201611121615A
time shift:           4.4000
half duration:        2.1000
latitude:           -24.8700
longitude:          178.6400
depth:              565.9000
Mrr:           -4.570000E+24
Mtt:            4.210000E+24
Mpp:            3.570000E+23
Mrt:           -3.760000E+24
Mrp:           -3.370000E+24
Mtp:           -4.920000E+24
