 PDE 2010 09 27 11 22 45.40   29.6500   51.6900  22.1 5.9 5.8 SOUTHERN IRAN
event name:   C201009271122A
time shift:           3.2000
half duration:        2.2000
latitude:            29.5600
longitude:           51.6200
depth:               17.1000
Mrr:            1.250000E+24
Mtt:           -1.390000E+24
Mpp:            1.320000E+23
Mrt:            8.080000E+24
Mrp:           -4.420000E+24
Mtp:            1.480000E+24
