 PDE 2018 05 02 06 32 49.00  -24.2700 -111.6300  10.0 6.0 6.0 EASTER ISLAND REGION
event name:   C201805020631A
time shift:           6.2000
half duration:        2.4000
latitude:           -24.3500
longitude:         -111.7800
depth:               17.1000
Mrr:           -7.900000E+23
Mtt:           -9.170000E+24
Mpp:            9.960000E+24
Mrt:           -8.800000E+23
Mrp:            3.300000E+23
Mtp:            7.040000E+24
