 PDE 2016 10 18 16 36 41.80  -23.3300 -179.8400 540.0 6.0 5.9 SOUTH OF FIJI ISLANDS
event name:   C201610181636A
time shift:           3.0000
half duration:        2.3000
latitude:           -23.3900
longitude:         -179.7800
depth:              551.8000
Mrr:            4.610000E+24
Mtt:           -1.800000E+23
Mpp:           -4.430000E+24
Mrt:            2.490000E+24
Mrp:           -9.150000E+24
Mtp:           -1.000000E+24
