 PDE 2013 10 11 21 25 00.00  -30.6600 -178.4800 151.0 6.2 6.2 KERMADEC ISLANDS, NEW ZEALAND
event name:   C201310112124A
time shift:           5.7000
half duration:        3.1000
latitude:           -30.5700
longitude:         -178.4300
depth:              155.5000
Mrr:            2.050000E+25
Mtt:            7.800000E+23
Mpp:           -2.130000E+25
Mrt:           -3.420000E+24
Mrp:            1.410000E+25
Mtp:           -2.000000E+22
