 PDE 2018 01 11 18 26 24.20   18.3700   96.0700   9.0 5.9 6.0 MYANMAR
event name:   C201801111826A
time shift:           2.1000
half duration:        2.3000
latitude:            18.3100
longitude:           96.1500
depth:               12.0000
Mrr:            8.840000E+24
Mtt:           -7.700000E+23
Mpp:           -8.070000E+24
Mrt:           -2.840000E+24
Mrp:            4.700000E+23
Mtp:            4.200000E+24
