 PDE 2018 11 18 20 25 46.60  -17.8700 -178.9300 540.0 6.8 6.8 FIJI ISLANDS REGION
event name:   C201811182025A
time shift:           5.1000
half duration:        5.8000
latitude:           -17.8600
longitude:         -178.7900
depth:              554.8000
Mrr:           -1.570000E+25
Mtt:            1.510000E+26
Mpp:           -1.350000E+26
Mrt:            7.430000E+25
Mrp:           -5.230000E+25
Mtp:            2.850000E+25
