 PDE 2016 01 11 17 08 03.90   44.4800  141.0900 238.8 6.3 6.2 HOKKAIDO, JAPAN REGION
event name:   C201601111708A
time shift:           2.6000
half duration:        3.3000
latitude:            44.4600
longitude:          141.0100
depth:              253.9000
Mrr:           -2.070000E+25
Mtt:            9.310000E+24
Mpp:            1.140000E+25
Mrt:            1.690000E+25
Mrp:            2.440000E+24
Mtp:           -1.800000E+25
