 PDE 2017 12 12 08 43 18.30   30.7400   57.2800  12.0 6.0 6.0 NORTHERN AND CENTRAL IRAN
event name:   C201712120843A
time shift:           1.0000
half duration:        2.4000
latitude:            30.6600
longitude:           57.1000
depth:               12.0000
Mrr:            9.650000E+24
Mtt:           -6.470000E+24
Mpp:           -3.170000E+24
Mrt:           -5.970000E+24
Mrp:            5.080000E+24
Mtp:            5.220000E+24
