 PDE 2011 12 11 01 47 25.90   17.8400  -99.9600  54.2 6.5 6.5 GUERRERO, MEXICO
event name:   C201112110147A
time shift:           2.5000
half duration:        4.1000
latitude:            17.8900
longitude:          -99.8400
depth:               55.3000
Mrr:           -5.610000E+25
Mtt:            5.370000E+25
Mpp:            2.400000E+24
Mrt:           -2.350000E+25
Mrp:            7.100000E+23
Mtp:           -1.020000E+25
