 PDE 2019 05 27 09 52 21.30   58.8700 -152.3700  66.0 5.8 5.8 KODIAK ISLAND REGION, ALASKA
event name:   C201905270952A
time shift:           3.1000
half duration:        2.1000
latitude:            58.9000
longitude:         -152.5000
depth:               78.6000
Mrr:            1.860000E+24
Mtt:           -7.210000E+24
Mpp:            5.350000E+24
Mrt:            1.060000E+24
Mrp:            2.160000E+24
Mtp:            3.220000E+24
