 PDE 2018 09 16 21 11 48.80  -25.4200  178.2000 576.0 6.5 6.5 SOUTH OF FIJI ISLANDS
event name:   C201809162111A
time shift:           8.1000
half duration:        4.2000
latitude:           -25.2600
longitude:          178.3700
depth:              591.0000
Mrr:           -1.520000E+25
Mtt:            3.550000E+25
Mpp:           -2.040000E+25
Mrt:           -3.360000E+25
Mrp:            3.900000E+25
Mtp:           -2.680000E+25
