 PDE 2016 06 09 04 13 08.10  -11.2500  116.2700  19.0 6.1 6.1 SOUTH OF SUMBAWA, INDONESIA
event name:   C201606090413A
time shift:           3.1000
half duration:        2.6000
latitude:           -11.3000
longitude:          116.2900
depth:               31.5000
Mrr:           -1.190000E+25
Mtt:            1.400000E+25
Mpp:           -2.110000E+24
Mrt:           -3.000000E+22
Mrp:           -7.640000E+24
Mtp:            3.640000E+24
