 PDE 2015 04 25 06 45 21.30   28.2200   84.8200  10.0 6.7 6.6 NEPAL
event name:   C201504250645A
time shift:           8.1000
half duration:        5.2000
latitude:            27.8600
longitude:           84.9300
depth:               21.0000
Mrr:            6.820000E+25
Mtt:           -7.390000E+25
Mpp:            5.700000E+24
Mrt:            9.650000E+25
Mrp:            1.900000E+25
Mtp:            2.530000E+25
