 PDE 2019 04 23 20 15 50.80   28.4100   94.5600  14.0 6.1 5.9 EASTERN XIZANG-INDIA BORDER REG.
event name:   C201904232015A
time shift:           2.7000
half duration:        2.7000
latitude:            28.3500
longitude:           94.6700
depth:               16.1000
Mrr:            2.180000E+24
Mtt:           -2.540000E+24
Mpp:            3.600000E+23
Mrt:            1.720000E+25
Mrp:           -2.390000E+24
Mtp:           -2.380000E+24
