 PDE 2013 03 25 23 02 12.80   14.4900  -90.4600 189.0 6.2 6.2 GUATEMALA
event name:   C201303252302A
time shift:           2.7000
half duration:        3.1000
latitude:            14.6200
longitude:          -90.7100
depth:              186.4000
Mrr:            7.340000E+24
Mtt:           -1.460000E+25
Mpp:            7.290000E+24
Mrt:            1.540000E+25
Mrp:           -1.780000E+25
Mtp:           -3.500000E+23
