 PDE 2015 06 29 09 09 16.10  -16.0200  -74.2600  28.0 5.8 5.8 NEAR COAST OF PERU
event name:   C201506290909A
time shift:           5.8000
half duration:        2.1000
latitude:           -16.0900
longitude:          -74.5100
depth:               37.7000
Mrr:            5.400000E+24
Mtt:           -8.590000E+23
Mpp:           -4.540000E+24
Mrt:            7.260000E+23
Mrp:           -4.610000E+24
Mtp:            3.260000E+24
