 PDE 2019 04 23 14 20 17.80  -24.7100 -178.7600 385.6 6.0 6.0 SOUTH OF FIJI ISLANDS
event name:   C201904231420A
time shift:           2.8000
half duration:        2.4000
latitude:           -24.7100
longitude:         -178.7800
depth:              384.2000
Mrr:           -3.910000E+24
Mtt:           -3.900000E+23
Mpp:            4.300000E+24
Mrt:           -8.600000E+23
Mrp:           -1.040000E+25
Mtp:           -1.440000E+24
