 PDE 2019 09 05 15 02 45.30   43.7200 -127.8200  10.0 5.9 5.9 OFF COAST OF OREGON
event name:   C201909051502A
time shift:           3.5000
half duration:        2.2000
latitude:            43.6800
longitude:         -128.0900
depth:               15.0000
Mrr:            4.700000E+23
Mtt:           -9.540000E+24
Mpp:            9.080000E+24
Mrt:           -1.660000E+24
Mrp:           -1.490000E+24
Mtp:            4.700000E+23
