 PDE 2016 02 01 19 00 46.30  -30.7500 -179.9500 391.0 6.2 6.2 KERMADEC ISLANDS REGION
event name:   C201602011900A
time shift:           4.5000
half duration:        3.3000
latitude:           -30.8100
longitude:         -179.8200
depth:              390.6000
Mrr:           -1.210000E+25
Mtt:           -1.040000E+25
Mpp:            2.250000E+25
Mrt:           -1.070000E+25
Mrp:           -1.910000E+25
Mtp:           -5.990000E+24
