 PDE 2018 04 29 22 23 05.90  -39.2600   46.1200  10.0 5.9 5.9 SOUTHWEST INDIAN RIDGE
event name:   C201804292223A
time shift:           4.7000
half duration:        2.2000
latitude:           -39.2100
longitude:           46.2000
depth:               19.8000
Mrr:           -1.090000E+24
Mtt:            1.940000E+24
Mpp:           -8.470000E+23
Mrt:            1.070000E+24
Mrp:           -2.160000E+23
Mtp:            8.480000E+24
