 PDE 2017 10 28 19 11 02.80   86.9200   55.2000  10.0 5.9 5.9 NORTH OF FRANZ JOSEF LAND
event name:   C201710281911A
time shift:          -0.4000
half duration:        2.2000
latitude:            86.8700
longitude:           54.1200
depth:               12.0000
Mrr:           -8.500000E+24
Mtt:            8.700000E+24
Mpp:           -2.000000E+23
Mrt:           -1.020000E+24
Mrp:            5.800000E+23
Mtp:            1.700000E+23
