 PDE 2018 10 30 02 13 39.50  -39.0600  174.9600 225.5 6.1 6.1 NORTH ISLAND, NEW ZEALAND
event name:   C201810300213A
time shift:           2.3000
half duration:        2.8000
latitude:           -39.0700
longitude:          174.9400
depth:              225.8000
Mrr:            1.080000E+25
Mtt:            8.100000E+23
Mpp:           -1.160000E+25
Mrt:            1.390000E+25
Mrp:           -3.200000E+23
Mtp:           -7.150000E+24
