 PDE 2017 06 02 23 48 17.90   -4.7400  145.1400 192.9 6.0 5.9 NEAR N COAST OF NEW GUINEA, PNG.
event name:   C201706022348A
time shift:           1.5000
half duration:        2.4000
latitude:            -4.7400
longitude:          145.1800
depth:              213.8000
Mrr:           -8.660000E+24
Mtt:            1.000000E+25
Mpp:           -1.360000E+24
Mrt:           -3.700000E+23
Mrp:           -4.990000E+24
Mtp:           -6.470000E+24
