 PDE 2017 03 09 11 14 26.40  -60.1500  150.3000  10.0 5.9 5.9 WEST OF MACQUARIE ISLAND
event name:   C201703091114A
time shift:           3.4000
half duration:        2.2000
latitude:           -60.0200
longitude:          150.1600
depth:               12.0000
Mrr:           -2.900000E+23
Mtt:            5.390000E+24
Mpp:           -5.110000E+24
Mrt:           -2.340000E+24
Mrp:            1.900000E+23
Mtp:           -6.820000E+24
