 PDE 2013 11 25 07 21 18.40  -53.8700  -53.9100  14.8 5.9 6.0 SOUTH ATLANTIC OCEAN
event name:   C201311250721A
time shift:           4.1000
half duration:        2.3000
latitude:           -53.9700
longitude:          -53.9500
depth:               18.3000
Mrr:            4.000000E+23
Mtt:           -5.550000E+24
Mpp:            5.150000E+24
Mrt:            3.150000E+24
Mrp:            3.600000E+23
Mtp:            8.080000E+24
