 PDE 2014 02 18 23 35 58.30  -14.1600  -75.6000  57.0 5.9 5.9 NEAR COAST OF PERU
event name:   C201402182335A
time shift:           3.0000
half duration:        2.2000
latitude:           -14.1800
longitude:          -75.6900
depth:               76.1000
Mrr:            4.910000E+24
Mtt:           -4.600000E+24
Mpp:           -3.100000E+23
Mrt:           -1.370000E+24
Mrp:            7.160000E+24
Mtp:            3.870000E+24
