 PDE 2017 04 05 06 09 12.20   35.7800   60.4400  13.0 6.0 6.1 NORTHERN AND CENTRAL IRAN
event name:   C201704050609A
time shift:           0.3000
half duration:        2.5000
latitude:            35.8100
longitude:           60.3700
depth:               12.0000
Mrr:            1.170000E+25
Mtt:           -1.230000E+25
Mpp:            5.800000E+23
Mrt:           -4.300000E+23
Mrp:            4.610000E+24
Mtp:            6.210000E+24
