 PDE 2015 01 28 02 43 19.40  -20.9700 -178.3000 484.1 6.2 6.2 FIJI ISLANDS REGION
event name:   C201501280243A
time shift:           4.1000
half duration:        3.0000
latitude:           -20.9700
longitude:         -178.2300
depth:              487.5000
Mrr:           -1.510000E+25
Mtt:           -1.500000E+24
Mpp:            1.660000E+25
Mrt:           -1.320000E+25
Mrp:           -7.680000E+24
Mtp:           -6.170000E+24
