 PDE 2014 09 06 19 22 59.00   18.7500 -107.0500  17.0 6.1 6.2 OFF COAST OF JALISCO, MEXICO
event name:   C201409061923A
time shift:           8.9000
half duration:        2.8000
latitude:            18.9300
longitude:         -107.3800
depth:               24.6000
Mrr:           -6.900000E+23
Mtt:           -1.220000E+25
Mpp:            1.290000E+25
Mrt:            6.100000E+23
Mrp:            7.300000E+23
Mtp:           -1.490000E+25
