 PDE 2017 12 01 02 32 46.00   30.7400   57.3100   9.0 6.1 6.1 NORTHERN AND CENTRAL IRAN
event name:   C201712010232A
time shift:           0.6000
half duration:        2.7000
latitude:            30.6400
longitude:           57.1600
depth:               12.0000
Mrr:            1.300000E+25
Mtt:           -9.120000E+24
Mpp:           -3.870000E+24
Mrt:           -6.180000E+24
Mrp:            5.890000E+24
Mtp:            7.710000E+24
