 PDE 2016 01 14 03 25 28.30  -19.7600  -63.3300 582.6 6.1 6.1 SOUTHERN BOLIVIA
event name:   C201601140325C
time shift:           1.5000
half duration:        2.9000
latitude:           -19.7700
longitude:          -63.1100
depth:              590.7000
Mrr:           -8.900000E+24
Mtt:           -5.900000E+24
Mpp:            1.480000E+25
Mrt:           -3.940000E+24
Mrp:            1.290000E+25
Mtp:            8.340000E+24
