 PDE 2017 09 14 17 41 27.70   18.6900  145.7500 166.0 5.8 5.8 MARIANA ISLANDS
event name:   C201709141741A
time shift:           3.5000
half duration:        2.0000
latitude:            18.6800
longitude:          145.9600
depth:              177.4000
Mrr:            6.290000E+23
Mtt:            3.150000E+24
Mpp:           -3.780000E+24
Mrt:           -2.790000E+24
Mrp:            5.140000E+24
Mtp:           -2.350000E+24
