 PDE 2019 08 29 15 07 58.70   43.5400 -127.8800  10.0 6.3 6.3 OFF COAST OF OREGON
event name:   C201908291508A
time shift:           4.1000
half duration:        3.5000
latitude:            43.5900
longitude:         -128.0600
depth:               17.7000
Mrr:           -2.430000E+24
Mtt:           -2.690000E+25
Mpp:            2.930000E+25
Mrt:            8.000000E+22
Mrp:           -2.180000E+24
Mtp:           -2.450000E+25
