 PDE 2016 09 14 01 58 31.60    7.3700  -76.1700  18.0 6.0 6.0 NORTHERN COLOMBIA
event name:   C201609140158A
time shift:           4.1000
half duration:        2.3000
latitude:             7.3400
longitude:          -76.2900
depth:               23.8000
Mrr:            3.010000E+24
Mtt:           -8.430000E+24
Mpp:            5.420000E+24
Mrt:           -4.780000E+24
Mrp:           -5.310000E+24
Mtp:           -2.490000E+24
