 PDE 2015 08 24 09 41 26.60  -30.6500 -178.7300 228.0 6.0 6.0 KERMADEC ISLANDS, NEW ZEALAND
event name:   C201508240941A
time shift:           3.9000
half duration:        2.5000
latitude:           -30.3300
longitude:         -178.8600
depth:              243.2000
Mrr:           -3.450000E+24
Mtt:           -4.400000E+24
Mpp:            7.850000E+24
Mrt:           -1.060000E+25
Mrp:            5.210000E+24
Mtp:            3.500000E+24
