 PDE 2018 07 15 01 59 08.90   14.1500   51.6300  10.0 5.9 5.5 EASTERN GULF OF ADEN
event name:   S201807150159A
time shift:           1.2000
half duration:        2.1000
latitude:            13.8300
longitude:           51.5900
depth:               24.1000
Mrr:           -1.680000E+24
Mtt:            6.470000E+24
Mpp:           -4.790000E+24
Mrt:            6.560000E+23
Mrp:            7.480000E+23
Mtp:            5.300000E+24
