 PDE 2006 10 23 21 00 42.50  -21.8500  -65.6000 261.6 5.8 0.0 SOUTHERN BOLIVIA
event name:   B200610232100A
time shift:           7.8000
half duration:        2.0000
latitude:           -21.7700
longitude:          -65.7500
depth:              287.6000
Mrr:           -7.590000E+23
Mtt:           -2.100000E+23
Mpp:            9.690000E+23
Mrt:            3.740000E+23
Mrp:           -6.380000E+24
Mtp:           -8.540000E+23
