 PDE 2007 04 09 02 24 28.30  -20.0700 -178.0800 593.0 5.9 0.0 FIJI ISLANDS REGION
event name:   B200704090224A
time shift:           4.2000
half duration:        2.3000
latitude:           -20.0000
longitude:         -177.9700
depth:              613.7000
Mrr:           -2.460000E+24
Mtt:            7.260000E+24
Mpp:           -4.790000E+24
Mrt:           -5.550000E+24
Mrp:           -5.700000E+24
Mtp:            5.000000E+22
