 PDE 2015 03 22 05 46 23.40  -17.8200 -178.4500 615.0 6.1 5.2 FIJI ISLANDS REGION
event name:   B201503220546A
time shift:           2.7000
half duration:        2.7000
latitude:           -17.8400
longitude:         -178.4800
depth:              615.8000
Mrr:           -8.160000E+24
Mtt:            1.300000E+25
Mpp:           -4.800000E+24
Mrt:            7.700000E+23
Mrp:           -8.920000E+24
Mtp:           -7.470000E+24
