 PDE 2015 09 07 08 46 09.40  -24.2400  179.1200 538.9 5.8 5.4 SOUTH OF FIJI ISLANDS
event name:   B201509070846A
time shift:           3.7000
half duration:        2.0000
latitude:           -24.2800
longitude:          179.0700
depth:              551.6000
Mrr:           -5.180000E+23
Mtt:            2.300000E+22
Mpp:            4.950000E+23
Mrt:           -4.250000E+24
Mrp:           -5.920000E+24
Mtp:           -7.870000E+23
