 PDE 2016 10 01 04 25 43.50  -23.5700 -179.9500 522.4 5.8 5.3 SOUTH OF FIJI ISLANDS
event name:   B201610010425A
time shift:           4.8000
half duration:        2.0000
latitude:           -23.6900
longitude:         -179.8500
depth:              540.7000
Mrr:            1.340000E+24
Mtt:           -2.440000E+24
Mpp:            1.100000E+24
Mrt:           -1.250000E+24
Mrp:           -5.890000E+24
Mtp:           -3.700000E+24
