 PDE 2014 03 26 04 23 12.40  -26.0800  179.4700 495.9 5.8 4.9 SOUTH OF FIJI ISLANDS
event name:   B201403260423A
time shift:           2.5000
half duration:        1.9000
latitude:           -26.1300
longitude:          179.5900
depth:              493.2000
Mrr:            2.830000E+24
Mtt:           -2.440000E+24
Mpp:           -3.900000E+23
Mrt:           -2.230000E+24
Mrp:           -3.390000E+24
Mtp:           -4.460000E+24
