 PDE 2018 09 07 05 10 14.20  -18.1400 -178.0100 603.2 6.0 5.3 FIJI ISLANDS REGION
event name:   B201809070510A
time shift:           3.2000
half duration:        2.3000
latitude:           -18.0700
longitude:         -178.2000
depth:              611.9000
Mrr:           -4.490000E+24
Mtt:            1.100000E+23
Mpp:            4.390000E+24
Mrt:           -9.020000E+24
Mrp:           -4.480000E+24
Mtp:            1.900000E+23
