 PDE 2009 09 07 16 12 22.60  -10.2000  110.6300  23.0 6.2 6.2 SOUTH OF JAVA, INDONESIA
event name:   C200909071612A
time shift:           4.9000
half duration:        3.0000
latitude:           -10.3600
longitude:          110.7200
depth:               36.1000
Mrr:           -2.050000E+25
Mtt:            2.190000E+25
Mpp:           -1.410000E+24
Mrt:            3.000000E+23
Mrp:           -1.590000E+24
Mtp:           -7.400000E+24
