 PDE 2007 04 16 01 24 07.10  -63.3400  169.9200  10.0 5.8 5.8 BALLENY ISLANDS REGION
event name:   C200704160124A
time shift:           4.6000
half duration:        2.0000
latitude:           -63.1500
longitude:          169.9300
depth:               12.0000
Mrr:           -1.200000E+24
Mtt:            6.890000E+24
Mpp:           -5.690000E+24
Mrt:           -1.640000E+24
Mrp:            3.910000E+23
Mtp:           -9.590000E+23
