 PDE 2009 09 30 19 03 17.30  -15.5500  -69.2900 255.4 5.9 5.8 PERU-BOLIVIA BORDER REGION
event name:   C200909301903A
time shift:           5.4000
half duration:        2.2000
latitude:           -15.7400
longitude:          -69.6500
depth:              257.8000
Mrr:            2.480000E+24
Mtt:           -1.240000E+24
Mpp:           -1.240000E+24
Mrt:            8.580000E+24
Mrp:            2.210000E+24
Mtp:            1.310000E+24
