 PDE 2007 08 18 02 52 35.40  -13.8100  -76.2900  30.0 6.0 6.0 NEAR COAST OF PERU
event name:   C200708180252A
time shift:           5.4000
half duration:        2.5000
latitude:           -13.9200
longitude:          -76.5700
depth:               33.6000
Mrr:            7.620000E+24
Mtt:           -1.610000E+24
Mpp:           -6.010000E+24
Mrt:            4.640000E+24
Mrp:           -9.380000E+24
Mtp:            4.360000E+24
