 PDE 2006 03 19 04 36 52.90  -13.4300  172.3900  10.0 5.9 5.6 VANUATU ISLANDS REGION
event name:   C200603190436B
time shift:           4.8000
half duration:        2.1000
latitude:           -13.4500
longitude:          172.4800
depth:               12.0000
Mrr:           -7.670000E+24
Mtt:            7.810000E+24
Mpp:           -1.400000E+23
Mrt:            7.600000E+23
Mrp:           -3.400000E+23
Mtp:            1.420000E+24
