 PDE 2009 10 15 17 48 21.90    3.2700 -103.8200  10.0 6.0 6.0 GALAPAGOS TRIPLE JUNCTION REGION
event name:   C200910151748A
time shift:           2.0000
half duration:        2.4000
latitude:             3.3000
longitude:         -103.7500
depth:               12.0000
Mrr:            1.100000E+25
Mtt:           -1.560000E+24
Mpp:           -9.420000E+24
Mrt:            9.000000E+22
Mrp:           -2.790000E+24
Mtp:            3.700000E+24
