 PDE 2006 03 24 17 46 49.80  -16.8900  174.5000  10.0 6.0 5.6 FIJI ISLANDS REGION
event name:   C200603241746A
time shift:           6.1000
half duration:        2.3000
latitude:           -16.6300
longitude:          174.5400
depth:               15.9000
Mrr:           -1.700000E+23
Mtt:            1.970000E+24
Mpp:           -1.790000E+24
Mrt:           -1.350000E+24
Mrp:           -1.900000E+23
Mtp:            1.040000E+25
