 PDE 2006 02 04 09 17 04.10    1.0900  -90.4600  10.0 5.9 5.4 GALAPAGOS ISLANDS REGION
event name:   C200602040917A
time shift:           3.5000
half duration:        2.2000
latitude:             1.0700
longitude:          -90.7200
depth:               12.0000
Mrr:           -6.370000E+23
Mtt:            3.390000E+24
Mpp:           -2.750000E+24
Mrt:           -1.230000E+24
Mrp:           -4.850000E+23
Mtp:           -7.440000E+24
