 PDE 2006 10 26 22 54 32.30  -13.3700  -76.6200  28.1 6.0 6.0 NEAR COAST OF PERU
event name:   C200610262254A
time shift:           4.9000
half duration:        2.3000
latitude:           -13.3600
longitude:          -76.9400
depth:               24.5000
Mrr:            4.240000E+24
Mtt:            3.900000E+23
Mpp:           -4.630000E+24
Mrt:            9.200000E+23
Mrp:           -1.050000E+25
Mtp:            1.620000E+24
