 PDE 2005 05 03 19 11 39.80  -14.9200  -74.6200  31.4 5.9 5.4 CENTRAL PERU
event name:   C200505031911A
time shift:           5.1000
half duration:        2.1000
latitude:           -15.1100
longitude:          -74.6500
depth:               42.1000
Mrr:           -9.980000E+23
Mtt:            1.980000E+24
Mpp:           -9.820000E+23
Mrt:           -6.250000E+23
Mrp:           -4.470000E+24
Mtp:            6.110000E+24
