 PDE 2005 06 27 11 35 45.60   18.7800 -107.3000  20.0 6.2 5.9 OFF COAST OF JALISCO, MEXICO
event name:   C200506271135A
time shift:           0.6000
half duration:        2.9000
latitude:            18.8900
longitude:         -107.3800
depth:               16.0000
Mrr:           -2.330000E+24
Mtt:           -1.180000E+25
Mpp:            1.410000E+25
Mrt:           -2.700000E+24
Mrp:            5.050000E+24
Mtp:           -1.570000E+25
