 PDE 2008 07 20 21 30 29.60   27.7700  139.6200 481.4 5.8 5.8 BONIN ISLANDS, JAPAN REGION
event name:   C200807202130A
time shift:           2.2000
half duration:        2.0000
latitude:            27.8100
longitude:          139.6000
depth:              485.6000
Mrr:           -3.200000E+24
Mtt:            3.720000E+24
Mpp:           -5.110000E+23
Mrt:            3.840000E+24
Mrp:           -4.540000E+24
Mtp:           -1.040000E+24
