 PDE 2006 10 15 17 14 12.10   20.1300 -155.9800  18.9 6.0 6.0 HAWAII
event name:   C200610151714A
time shift:           2.1000
half duration:        2.6000
latitude:            20.0900
longitude:         -155.8800
depth:               20.1000
Mrr:            9.790000E+24
Mtt:            4.000000E+22
Mpp:           -9.820000E+24
Mrt:           -9.330000E+24
Mrp:            2.900000E+24
Mtp:            5.130000E+24
