 PDE 2007 10 04 12 40 31.10    2.5400   92.9000  35.0 6.2 6.2 OFF W COAST OF NORTHERN SUMATRA
event name:   C200710041240A
time shift:          -0.6000
half duration:        3.2000
latitude:             2.4700
longitude:           92.8300
depth:               12.0000
Mrr:           -2.290000E+24
Mtt:           -1.240000E+25
Mpp:            1.470000E+25
Mrt:           -8.300000E+24
Mrp:           -1.040000E+25
Mtp:           -1.980000E+25
