 PDE 2009 04 27 16 46 28.60   17.0300  -99.4500  35.0 5.8 5.8 GUERRERO, MEXICO
event name:   C200904271646A
time shift:           3.1000
half duration:        2.0000
latitude:            17.0600
longitude:          -99.4100
depth:               32.2000
Mrr:            4.170000E+24
Mtt:           -5.010000E+24
Mpp:            8.430000E+23
Mrt:           -4.970000E+24
Mrp:            1.070000E+24
Mtp:           -5.020000E+23
