 PDE 2009 01 03 20 23 20.20   36.4200   70.7400 204.8 6.6 0.0 HINDU KUSH REGION, AFGHANISTAN
event name:   C200901032023A
time shift:           3.4000
half duration:        4.7000
latitude:            36.4400
longitude:           70.3600
depth:              205.6000
Mrr:            7.870000E+25
Mtt:           -7.150000E+25
Mpp:           -7.200000E+24
Mrt:            5.070000E+25
Mrp:           -1.470000E+25
Mtp:            1.000000E+24
