 PDE 2008 01 16 11 54 44.10   32.3300   85.1600   9.0 5.9 5.9 XIZANG
event name:   C200801161154A
time shift:           7.2000
half duration:        2.2000
latitude:            32.3500
longitude:           85.2900
depth:               12.0000
Mrr:           -8.160000E+24
Mtt:            3.100000E+23
Mpp:            7.850000E+24
Mrt:           -1.300000E+23
Mrp:            4.900000E+23
Mtp:            3.350000E+24
