 PDE 2005 02 28 01 24 54.70  -34.9200 -107.8600  10.0 5.9 5.9 SOUTHERN EAST PACIFIC RISE
event name:   C200502280124A
time shift:           6.1000
half duration:        2.2000
latitude:           -35.0700
longitude:         -107.8600
depth:               17.4000
Mrr:           -3.790000E+23
Mtt:           -2.570000E+24
Mpp:            2.950000E+24
Mrt:            3.640000E+23
Mrp:           -9.870000E+23
Mtp:           -8.180000E+24
