 PDE 2007 01 08 20 52 20.60  -18.5800 -177.8500 406.8 6.3 6.3 FIJI ISLANDS REGION
event name:   C200701082052A
time shift:           5.7000
half duration:        3.3000
latitude:           -18.4600
longitude:         -177.6800
depth:              423.7000
Mrr:            1.480000E+25
Mtt:           -2.520000E+25
Mpp:            1.050000E+25
Mrt:           -9.000000E+24
Mrp:            1.460000E+25
Mtp:           -1.530000E+25
