 PDE 2005 04 11 14 54 07.00   -7.2900  -77.8900 129.9 6.0 0.0 NORTHERN PERU
event name:   C200504111454A
time shift:           3.2000
half duration:        2.3000
latitude:            -7.3600
longitude:          -77.9600
depth:              131.7000
Mrr:            5.790000E+24
Mtt:           -5.700000E+23
Mpp:           -5.220000E+24
Mrt:            2.710000E+24
Mrp:           -1.090000E+24
Mtp:           -9.190000E+24
