 PDE 2007 05 06 22 01 08.90  -19.4100 -179.3200 688.0 6.0 6.1 FIJI ISLANDS REGION
event name:   C200705062201A
time shift:           2.6000
half duration:        2.6000
latitude:           -19.3100
longitude:         -179.0500
depth:              691.6000
Mrr:            1.340000E+25
Mtt:           -3.560000E+24
Mpp:           -9.840000E+24
Mrt:            4.290000E+24
Mrp:           -3.430000E+24
Mtp:           -6.800000E+24
