 PDE 2006 04 30 21 32 55.00  -27.2200  -71.2200  35.0 5.9 5.9 NEAR COAST OF NORTHERN CHILE
event name:   C200604302132A
time shift:           5.5000
half duration:        2.1000
latitude:           -27.3200
longitude:          -71.7700
depth:               19.7000
Mrr:            5.500000E+24
Mtt:           -2.250000E+23
Mpp:           -5.280000E+24
Mrt:            6.360000E+23
Mrp:           -5.770000E+24
Mtp:            6.860000E+23
