 PDE 2009 07 04 06 49 35.50    9.5900  -78.9700  38.0 6.0 6.0 PANAMA
event name:   C200907040649A
time shift:           5.7000
half duration:        2.6000
latitude:             9.8200
longitude:          -78.9700
depth:               43.3000
Mrr:            6.190000E+24
Mtt:           -1.450000E+25
Mpp:            8.320000E+24
Mrt:            5.390000E+24
Mrp:           -5.030000E+24
Mtp:            2.850000E+24
