 PDE 2005 01 23 22 36 05.50   35.8000   29.6400  10.0 5.8 5.4 EASTERN MEDITERRANEAN SEA
event name:   C200501232236A
time shift:           6.6000
half duration:        2.0000
latitude:            35.8900
longitude:           29.6800
depth:               24.0000
Mrr:           -1.100000E+24
Mtt:           -3.370000E+24
Mpp:            4.460000E+24
Mrt:            3.560000E+24
Mrp:           -3.540000E+24
Mtp:            5.350000E+23
