 PDE 2009 05 18 14 01 04.90  -15.6600  -74.8400  22.7 5.8 5.8 NEAR COAST OF PERU
event name:   C200905181401A
time shift:           3.9000
half duration:        1.9000
latitude:           -15.8000
longitude:          -75.2600
depth:               12.1000
Mrr:            3.050000E+24
Mtt:           -4.530000E+23
Mpp:           -2.600000E+24
Mrt:            1.530000E+24
Mrp:           -5.190000E+24
Mtp:            1.640000E+24
