 PDE 2008 06 15 01 13 11.90  -17.7400 -179.7300 611.4 5.9 5.9 FIJI ISLANDS REGION
event name:   C200806150113A
time shift:           3.1000
half duration:        2.2000
latitude:           -17.7700
longitude:         -179.6600
depth:              623.6000
Mrr:           -2.120000E+24
Mtt:            2.520000E+24
Mpp:           -4.000000E+23
Mrt:            4.930000E+24
Mrp:           -7.860000E+24
Mtp:           -2.060000E+24
