 PDE 2007 01 15 18 17 59.20   34.8900  138.6400 170.1 5.9 5.9 NEAR S. COAST OF HONSHU, JAPAN
event name:   C200701151817A
time shift:           2.7000
half duration:        2.1000
latitude:            34.9400
longitude:          138.8100
depth:              169.8000
Mrr:            3.220000E+23
Mtt:            1.610000E+24
Mpp:           -1.930000E+24
Mrt:            6.890000E+23
Mrp:           -7.020000E+24
Mtp:           -4.380000E+24
