 PDE 2008 11 19 20 38 58.80  -22.1700 -179.7200 595.6 5.8 5.8 SOUTH OF FIJI ISLANDS
event name:   C200811192038A
time shift:           3.1000
half duration:        2.0000
latitude:           -22.2000
longitude:         -179.3000
depth:              604.1000
Mrr:            3.560000E+24
Mtt:           -8.580000E+23
Mpp:           -2.710000E+24
Mrt:           -1.560000E+24
Mrp:           -5.360000E+24
Mtp:           -2.600000E+24
