 PDE 2005 03 21 12 43 12.40  -24.7300  -63.5100 570.1 6.4 0.0 SALTA PROVINCE, ARGENTINA
event name:   C200503211243A
time shift:           2.6000
half duration:        3.8000
latitude:           -24.7100
longitude:          -63.5600
depth:              572.2000
Mrr:           -7.300000E+23
Mtt:           -6.390000E+24
Mpp:            7.120000E+24
Mrt:           -2.190000E+25
Mrp:            4.040000E+25
Mtp:            7.660000E+24
