 PDE 2006 05 22 13 08 01.70   54.2800  158.4300 184.7 6.2 6.2 KAMCHATKA PENINSULA, RUSSIA
event name:   C200605221308A
time shift:           3.7000
half duration:        3.0000
latitude:            54.1900
longitude:          158.8700
depth:              198.0000
Mrr:           -1.240000E+25
Mtt:            1.050000E+25
Mpp:            1.950000E+24
Mrt:           -1.250000E+25
Mrp:           -1.680000E+25
Mtp:            5.000000E+24
