 PDE 2007 09 30 02 08 30.20   10.4500  145.7200  14.0 7.0 7.1 SOUTH OF MARIANA ISLANDS
event name:   C200709300208A
time shift:           9.4000
half duration:        7.3000
latitude:            10.5100
longitude:          145.6800
depth:               14.2000
Mrr:            8.360000E+25
Mtt:            1.390000E+26
Mpp:           -2.220000E+26
Mrt:            7.210000E+25
Mrp:            2.740000E+25
Mtp:            2.620000E+26
