 PDE 2007 12 13 07 23 40.40  -23.2000  -70.5500  19.0 6.2 6.2 NEAR COAST OF NORTHERN CHILE
event name:   C200712130723A
time shift:           6.0000
half duration:        3.0000
latitude:           -23.1800
longitude:          -70.9400
depth:               20.3000
Mrr:            1.120000E+25
Mtt:            1.020000E+24
Mpp:           -1.220000E+25
Mrt:            3.010000E+24
Mrp:           -2.050000E+25
Mtp:           -3.000000E+22
