 PDE 2009 02 02 17 53 21.80  -13.5800  -76.5600  21.0 6.0 6.0 NEAR COAST OF PERU
event name:   C200902021753A
time shift:           5.7000
half duration:        2.1000
latitude:           -13.5400
longitude:          -76.9300
depth:               25.2000
Mrr:            4.350000E+24
Mtt:            5.000000E+22
Mpp:           -4.400000E+24
Mrt:            1.530000E+24
Mrp:           -9.370000E+24
Mtp:            1.760000E+24
