 PDE 2009 11 22 22 07 47.70  -39.6400  -74.9700   4.0 5.8 5.9 OFF COAST OF CENTRAL CHILE
event name:   C200911222207A
time shift:           3.5000
half duration:        2.0000
latitude:           -39.7700
longitude:          -75.4600
depth:               12.0000
Mrr:           -6.990000E+24
Mtt:           -1.900000E+23
Mpp:            7.190000E+24
Mrt:            1.770000E+24
Mrp:           -1.160000E+24
Mtp:            6.700000E+23
