 PDE 2005 06 28 15 46 25.50  -26.9300 -176.2900  30.6 5.8 5.6 SOUTH OF FIJI ISLANDS
event name:   C200506281546A
time shift:           4.6000
half duration:        1.8000
latitude:           -26.8500
longitude:         -175.6900
depth:               15.0000
Mrr:            4.260000E+24
Mtt:            1.200000E+22
Mpp:           -4.270000E+24
Mrt:            5.710000E+23
Mrp:            4.530000E+24
Mtp:           -5.340000E+23
