 PDE 2008 05 12 11 11 02.50   31.2100  103.6200  10.0 6.1 6.1 SICHUAN, CHINA
event name:   C200805121111A
time shift:           2.7000
half duration:        2.7000
latitude:            31.3100
longitude:          103.6200
depth:               14.9000
Mrr:           -5.600000E+24
Mtt:            1.390000E+25
Mpp:           -8.300000E+24
Mrt:           -3.510000E+24
Mrp:            2.050000E+24
Mtp:            1.120000E+25
