 PDE 2006 10 09 11 08 28.10   20.7100  119.9800  10.0 5.9 5.9 PHILIPPINE ISLANDS REGION
event name:   C200610091108A
time shift:           5.2000
half duration:        2.1000
latitude:            20.7100
longitude:          119.9800
depth:               12.0000
Mrr:           -6.830000E+24
Mtt:            4.400000E+23
Mpp:            6.380000E+24
Mrt:            8.000000E+22
Mrp:           -4.460000E+24
Mtp:           -1.240000E+24
