 PDE 2005 01 18 21 20 32.50  -22.9100  179.0400 588.9 5.8 0.0 SOUTH OF FIJI ISLANDS
event name:   C200501182120A
time shift:           2.7000
half duration:        1.9000
latitude:           -22.8800
longitude:          179.2700
depth:              590.2000
Mrr:           -1.910000E+24
Mtt:           -1.600000E+24
Mpp:            3.510000E+24
Mrt:           -1.670000E+24
Mrp:           -4.100000E+24
Mtp:           -3.200000E+24
