 PDE 2007 08 16 11 35 30.30  -14.3500  -76.1300  35.0 6.0 6.0 NEAR COAST OF PERU
event name:   C200708161135A
time shift:          12.0000
half duration:        2.3000
latitude:           -14.4400
longitude:          -76.3900
depth:               21.1000
Mrr:            7.260000E+24
Mtt:           -1.470000E+24
Mpp:           -5.790000E+24
Mrt:            2.350000E+24
Mrp:           -7.590000E+24
Mtp:            3.610000E+24
