 PDE 2007 01 08 12 48 40.50    8.0800   92.4400  11.0 6.1 6.2 NICOBAR ISLANDS, INDIA REGION
event name:   C200701081248A
time shift:           4.4000
half duration:        2.7000
latitude:             8.0300
longitude:           92.3000
depth:               12.0000
Mrr:            1.380000E+25
Mtt:           -3.040000E+24
Mpp:           -1.080000E+25
Mrt:            1.100000E+23
Mrp:           -9.040000E+24
Mtp:            6.320000E+24
