 PDE 2007 12 13 05 20 23.00  -23.1400  -70.4700  21.6 6.0 6.0 NEAR COAST OF NORTHERN CHILE
event name:   C200712130520A
time shift:           4.4000
half duration:        2.3000
latitude:           -23.2100
longitude:          -70.9800
depth:               17.3000
Mrr:            4.460000E+24
Mtt:            2.800000E+23
Mpp:           -4.740000E+24
Mrt:            1.460000E+24
Mrp:           -1.010000E+25
Mtp:            3.000000E+23
