 PDE 2019 12 24 16 43 33.80  -26.9900  -63.3800 581.6 6.0 6.0 SANTIAGO DEL ESTERO PROV., ARG.
event name:   C201912241643A
time shift:           0.1000
half duration:        2.5000
latitude:           -26.8900
longitude:          -63.2900
depth:              577.1000
Mrr:           -1.120000E+25
Mtt:           -9.300000E+23
Mpp:            1.220000E+25
Mrt:           -4.040000E+24
Mrp:            3.560000E+24
Mtp:           -1.180000E+24
