 PDE 2011 04 07 20 41 51.50   17.1100  -85.0800   7.0 5.9 5.9 NORTH OF HONDURAS
event name:   C201104072041A
time shift:           6.5000
half duration:        2.1000
latitude:            17.2200
longitude:          -85.1700
depth:               15.0000
Mrr:            3.530000E+23
Mtt:           -4.190000E+24
Mpp:            3.830000E+24
Mrt:           -6.130000E+23
Mrp:            3.390000E+24
Mtp:            5.930000E+24
