 PDE 2015 07 07 07 01 42.70  -13.3300 -111.6300  10.0 5.9 5.9 CENTRAL EAST PACIFIC RISE
event name:   C201507070701A
time shift:           2.5000
half duration:        2.1000
latitude:           -13.3600
longitude:         -112.2300
depth:               15.0000
Mrr:           -5.380000E+23
Mtt:            2.690000E+24
Mpp:           -2.150000E+24
Mrt:           -2.350000E+24
Mrp:            1.100000E+24
Mtp:            7.350000E+24
