 PDE 2016 06 07 10 51 37.70   18.3600 -105.1700  10.0 6.3 6.3 OFF COAST OF JALISCO, MEXICO
event name:   C201606071051A
time shift:           2.6000
half duration:        3.3000
latitude:            18.4300
longitude:         -105.3300
depth:               12.0000
Mrr:           -1.590000E+24
Mtt:           -1.860000E+24
Mpp:            3.450000E+24
Mrt:            3.470000E+24
Mrp:           -2.280000E+24
Mtp:           -3.160000E+25
