 PDE 2019 09 24 21 19 47.40  -33.8200   56.3000  10.0 6.0 6.0 SOUTHWEST INDIAN RIDGE
event name:   C201909242119A
time shift:           3.8000
half duration:        2.4000
latitude:           -33.7600
longitude:           56.2000
depth:               12.0000
Mrr:           -1.220000E+25
Mtt:            1.210000E+25
Mpp:            1.200000E+23
Mrt:            1.930000E+24
Mrp:            1.400000E+24
Mtp:            7.900000E+23
