 PDE 2016 07 25 17 26 50.20  -26.1100  -70.5100  72.0 6.1 6.1 NEAR COAST OF NORTHERN CHILE
event name:   C201607251726A
time shift:           2.5000
half duration:        2.6000
latitude:           -26.1500
longitude:          -70.6300
depth:               87.9000
Mrr:           -1.280000E+25
Mtt:            4.260000E+24
Mpp:            8.530000E+24
Mrt:            4.850000E+24
Mrp:           -1.000000E+25
Mtp:           -1.500000E+23
