 PDE 2014 05 24 11 49 26.10    0.6900  -26.3200  10.0 5.8 5.9 CENTRAL MID-ATLANTIC RIDGE
event name:   C201405241149A
time shift:          11.2000
half duration:        2.0000
latitude:             0.8400
longitude:          -25.8200
depth:               18.6000
Mrr:           -1.440000E+24
Mtt:            2.220000E+24
Mpp:           -7.750000E+23
Mrt:           -5.820000E+23
Mrp:            9.630000E+23
Mtp:           -6.570000E+24
