 PDE 2019 07 03 03 45 28.90  -22.1600 -179.5100 587.0 5.8 5.9 SOUTH OF FIJI ISLANDS
event name:   C201907030345A
time shift:           2.4000
half duration:        2.0000
latitude:           -22.1300
longitude:         -179.5400
depth:              606.2000
Mrr:           -6.350000E+24
Mtt:            2.660000E+24
Mpp:            3.690000E+24
Mrt:           -1.740000E+24
Mrp:           -4.180000E+24
Mtp:            1.540000E+24
