 PDE 2019 09 19 07 32 01.60   -6.0600  111.8900 617.6 6.0 5.9 JAVA, INDONESIA
event name:   C201909190732B
time shift:          -1.7000
half duration:        2.4000
latitude:            -6.1500
longitude:          111.8200
depth:              611.9000
Mrr:           -7.410000E+24
Mtt:            9.470000E+24
Mpp:           -2.060000E+24
Mrt:            1.120000E+24
Mrp:           -5.990000E+24
Mtp:           -4.080000E+24
