 PDE 2018 11 09 01 49 40.00   71.6300  -11.2400  10.0 6.8 6.7 JAN MAYEN ISLAND REGION
event name:   C201811090149A
time shift:           7.0000
half duration:        6.2000
latitude:            71.5100
longitude:          -10.8100
depth:               15.3000
Mrr:           -6.400000E+24
Mtt:            1.310000E+26
Mpp:           -1.250000E+26
Mrt:           -3.500000E+25
Mrp:            5.540000E+25
Mtp:            1.440000E+26
