 PDE 2011 10 28 18 54 34.00  -14.4400  -75.9700  24.0 7.0 6.9 NEAR COAST OF PERU
event name:   C201110281854A
time shift:           9.1000
half duration:        7.3000
latitude:           -14.5200
longitude:          -76.1200
depth:               25.1000
Mrr:            1.550000E+26
Mtt:           -1.850000E+25
Mpp:           -1.370000E+26
Mrt:            5.210000E+25
Mrp:           -2.870000E+26
Mtp:            6.090000E+25
