 PDE 2016 12 05 01 13 04.90   -7.3200  123.3800 526.0 6.3 6.3 BANDA SEA
event name:   C201612050113A
time shift:           2.3000
half duration:        3.4000
latitude:            -7.3600
longitude:          123.4600
depth:              531.9000
Mrr:           -5.820000E+24
Mtt:           -2.140000E+25
Mpp:            2.720000E+25
Mrt:           -1.380000E+25
Mrp:            1.620000E+25
Mtp:            6.110000E+24
