 PDE 2015 11 24 13 21 35.70   18.7800  145.2700 586.9 6.0 6.0 MARIANA ISLANDS
event name:   C201511241321A
time shift:           2.3000
half duration:        2.4000
latitude:            18.8200
longitude:          145.2600
depth:              582.5000
Mrr:           -8.780000E+24
Mtt:           -2.550000E+24
Mpp:            1.130000E+25
Mrt:           -5.040000E+24
Mrp:           -9.900000E+23
Mtp:           -1.030000E+24
