 PDE 2011 01 15 06 09 10.30  -14.5900  167.2900 198.5 5.8 5.8 VANUATU ISLANDS
event name:   C201101150609A
time shift:           0.0000
half duration:        2.0000
latitude:           -14.6700
longitude:          167.1700
depth:              169.3000
Mrr:            4.890000E+24
Mtt:            1.000000E+21
Mpp:           -4.890000E+24
Mrt:           -3.430000E+24
Mrp:           -5.960000E+23
Mtp:            3.770000E+24
