 PDE 2011 05 29 18 24 01.20   -7.7200  101.7600  13.0 5.9 5.9 SOUTHWEST OF SUMATRA, INDONESIA
event name:   C201105291824A
time shift:           3.9000
half duration:        2.1000
latitude:            -7.7700
longitude:          101.7100
depth:               28.4000
Mrr:            1.680000E+23
Mtt:            3.680000E+23
Mpp:           -5.360000E+23
Mrt:           -2.520000E+23
Mrp:            6.770000E+23
Mtp:           -7.600000E+24
