 PDE 2019 06 28 15 51 31.30   19.8500  144.3500 410.0 6.4 6.4 MARIANA ISLANDS
event name:   C201906281551A
time shift:           3.3000
half duration:        4.0000
latitude:            19.8300
longitude:          144.2700
depth:              421.8000
Mrr:           -2.740000E+25
Mtt:            2.360000E+25
Mpp:            3.860000E+24
Mrt:           -2.860000E+25
Mrp:           -1.460000E+25
Mtp:           -3.980000E+25
