 PDE 2019 08 06 22 14 14.90  -17.9600  168.5800 150.0 5.9 5.9 VANUATU ISLANDS
event name:   C201908062214A
time shift:           2.1000
half duration:        2.2000
latitude:           -18.0300
longitude:          168.5100
depth:              163.4000
Mrr:            8.170000E+24
Mtt:           -4.450000E+24
Mpp:           -3.720000E+24
Mrt:           -2.230000E+24
Mrp:           -3.420000E+24
Mtp:            4.240000E+24
