 PDE 2018 01 16 19 57 18.10  -19.4500 -179.3000 666.8 5.9 5.9 FIJI ISLANDS REGION
event name:   C201801161957A
time shift:           3.1000
half duration:        2.2000
latitude:           -19.4600
longitude:         -179.2300
depth:              666.9000
Mrr:           -8.520000E+24
Mtt:            5.530000E+24
Mpp:            2.990000E+24
Mrt:            1.660000E+24
Mrp:           -3.120000E+24
Mtp:           -5.350000E+24
