 PDE 2015 12 09 12 58 01.80  -16.7400  175.2500  10.0 6.1 6.1 FIJI ISLANDS REGION
event name:   C201512091258A
time shift:           5.7000
half duration:        2.7000
latitude:           -16.6500
longitude:          175.0400
depth:               19.1000
Mrr:           -1.760000E+24
Mtt:           -6.860000E+24
Mpp:            8.620000E+24
Mrt:            4.020000E+24
Mrp:           -1.170000E+24
Mtp:            1.400000E+25
