 PDE 2018 09 30 10 52 23.00  -18.3600 -178.0600 550.0 6.7 6.7 FIJI ISLANDS REGION
event name:   C201809301052A
time shift:           4.5000
half duration:        5.3000
latitude:           -18.3100
longitude:         -178.1100
depth:              564.2000
Mrr:           -5.590000E+25
Mtt:            3.080000E+25
Mpp:            2.510000E+25
Mrt:           -3.050000E+25
Mrp:           -1.020000E+26
Mtp:            5.050000E+25
