 PDE 2012 05 29 03 33 25.50  -22.1300 -179.6100 602.0 5.8 5.9 SOUTH OF FIJI ISLANDS
event name:   C201205290333A
time shift:           2.5000
half duration:        2.0000
latitude:           -22.1200
longitude:         -179.3700
depth:              596.4000
Mrr:            7.650000E+24
Mtt:           -3.790000E+24
Mpp:           -3.870000E+24
Mrt:           -1.890000E+24
Mrp:           -3.950000E+24
Mtp:           -1.500000E+23
