 PDE 2018 04 19 21 09 17.00  -42.7800   42.1900  10.0 5.9 6.0 PRINCE EDWARD ISLANDS REGION
event name:   C201804192109A
time shift:           2.3000
half duration:        2.2000
latitude:           -42.6700
longitude:           42.3500
depth:               12.0000
Mrr:           -8.450000E+24
Mtt:            8.080000E+24
Mpp:            3.700000E+23
Mrt:            1.440000E+24
Mrp:            1.440000E+24
Mtp:           -2.030000E+24
