 PDE 2014 03 23 04 31 01.60  -20.6700 -178.8100 606.9 5.8 5.9 FIJI ISLANDS REGION
event name:   C201403230431A
time shift:           3.5000
half duration:        2.0000
latitude:           -20.6300
longitude:         -178.8300
depth:              621.0000
Mrr:           -3.580000E+24
Mtt:           -7.980000E+23
Mpp:            4.370000E+24
Mrt:           -4.690000E+24
Mrp:           -3.220000E+24
Mtp:            1.990000E+24
