 PDE 2018 07 15 13 09 16.50   13.8500   51.7200  10.0 6.0 6.0 EASTERN GULF OF ADEN
event name:   C201807151309A
time shift:           2.4000
half duration:        2.4000
latitude:            14.0200
longitude:           51.5900
depth:               19.6000
Mrr:           -4.500000E+23
Mtt:            9.940000E+24
Mpp:           -9.490000E+24
Mrt:            1.690000E+24
Mrp:            3.430000E+24
Mtp:            6.270000E+24
