 PDE 2015 07 07 20 03 19.10  -22.9400 -177.1300 169.6 5.8 5.8 SOUTH OF FIJI ISLANDS
event name:   C201507072003A
time shift:           1.9000
half duration:        2.0000
latitude:           -23.1500
longitude:         -176.8200
depth:              171.4000
Mrr:           -1.560000E+24
Mtt:            1.840000E+24
Mpp:           -2.770000E+23
Mrt:           -2.790000E+24
Mrp:           -5.370000E+24
Mtp:            1.720000E+24
