 PDE 2011 09 03 22 55 40.90  -20.6700  169.7200 185.1 7.0 7.0 VANUATU ISLANDS
event name:   C201109032255A
time shift:           4.6000
half duration:        8.0000
latitude:           -20.7900
longitude:          169.7200
depth:              151.6000
Mrr:            1.210000E+26
Mtt:            1.080000E+26
Mpp:           -2.290000E+26
Mrt:            3.030000E+26
Mrp:           -2.080000E+26
Mtp:            1.340000E+26
