 PDE 2018 12 16 14 26 19.60  -23.3200  112.5000  10.0 5.9 5.8 WESTERN AUSTRALIA
event name:   C201812161426A
time shift:           4.7000
half duration:        2.1000
latitude:           -23.2700
longitude:          112.5300
depth:               20.7000
Mrr:            7.280000E+24
Mtt:            8.000000E+22
Mpp:           -7.350000E+24
Mrt:           -2.600000E+24
Mrp:           -9.300000E+23
Mtp:           -2.490000E+24
