 PDE 2010 07 10 11 43 32.80   11.1400  146.0000  13.0 6.3 6.3 SOUTH OF MARIANA ISLANDS
event name:   C201007101143A
time shift:           3.6000
half duration:        3.3000
latitude:            11.0900
longitude:          146.0900
depth:               13.7000
Mrr:            2.000000E+23
Mtt:            7.900000E+24
Mpp:           -8.090000E+24
Mrt:            5.670000E+24
Mrp:            6.920000E+24
Mtp:            2.940000E+25
