 PDE 2017 05 01 12 31 55.60   59.8300 -136.6900  10.0 6.2 6.2 SOUTHEASTERN ALASKA
event name:   C201705011231A
time shift:           4.0000
half duration:        3.0000
latitude:            60.0300
longitude:         -136.6000
depth:               14.9000
Mrr:            1.600000E+25
Mtt:           -9.140000E+24
Mpp:           -6.810000E+24
Mrt:            3.000000E+23
Mrp:           -7.880000E+24
Mtp:            1.940000E+25
