 PDE 2011 11 17 01 57 05.70   -1.7000  -81.5500  26.6 6.0 6.0 OFF COAST OF ECUADOR
event name:   C201111170157A
time shift:          -0.8000
half duration:        2.4000
latitude:            -1.8800
longitude:          -81.7500
depth:               15.5000
Mrr:           -1.620000E+24
Mtt:           -6.200000E+23
Mpp:            2.240000E+24
Mrt:            5.300000E+23
Mrp:            1.870000E+24
Mtp:            1.160000E+25
