 PDE 2018 11 11 14 03 59.60   15.5600  -49.8700  10.0 6.2 6.3 NORTH ATLANTIC OCEAN
event name:   C201811111403A
time shift:           3.9000
half duration:        3.2000
latitude:            15.6500
longitude:          -49.9300
depth:               12.0000
Mrr:           -1.560000E+25
Mtt:            2.460000E+25
Mpp:           -8.990000E+24
Mrt:           -5.070000E+24
Mrp:           -7.560000E+24
Mtp:            1.690000E+25
