 PDE 2018 01 09 00 05 54.20    1.6800  -90.8200  10.0 5.8 5.8 GALAPAGOS ISLANDS REGION
event name:   C201801090005A
time shift:           3.2000
half duration:        1.9000
latitude:             1.8100
longitude:          -90.8700
depth:               15.1000
Mrr:           -5.910000E+23
Mtt:           -8.500000E+22
Mpp:            6.760000E+23
Mrt:           -1.420000E+24
Mrp:           -1.060000E+24
Mtp:           -6.010000E+24
