 PDE 2018 04 05 09 07 58.70  -18.3000 -177.9100 511.0 5.9 5.8 FIJI ISLANDS REGION
event name:   C201804050907A
time shift:           3.8000
half duration:        2.1000
latitude:           -18.2200
longitude:         -177.9700
depth:              522.5000
Mrr:           -2.870000E+24
Mtt:            3.410000E+24
Mpp:           -5.430000E+23
Mrt:           -2.330000E+24
Mrp:           -6.890000E+24
Mtp:            2.900000E+24
