 PDE 2014 05 09 10 32 22.20  -18.9600 -175.5400 192.3 6.0 5.9 TONGA ISLANDS
event name:   C201405091032A
time shift:           8.8000
half duration:        2.3000
latitude:           -18.9900
longitude:         -175.1500
depth:              228.1000
Mrr:            6.000000E+22
Mtt:            2.540000E+24
Mpp:           -2.600000E+24
Mrt:           -4.550000E+24
Mrp:           -9.230000E+24
Mtp:            2.370000E+24
