 PDE 2019 03 01 08 50 42.60  -14.7000  -70.1500 267.0 7.0 7.0 CENTRAL PERU
event name:   C201903010850A
time shift:           6.4000
half duration:        7.9000
latitude:           -14.7800
longitude:          -70.1400
depth:              273.6000
Mrr:           -1.260000E+26
Mtt:            2.470000E+26
Mpp:           -1.220000E+26
Mrt:            3.480000E+26
Mrp:           -9.460000E+25
Mtp:           -1.860000E+26
