 PDE 2019 08 02 05 50 55.20  -49.7300 -113.8300  10.0 5.9 6.0 SOUTHERN EAST PACIFIC RISE
event name:   C201908020550A
time shift:           4.8000
half duration:        2.3000
latitude:           -50.0300
longitude:         -114.1700
depth:               12.0000
Mrr:           -4.100000E+23
Mtt:            3.970000E+24
Mpp:           -3.560000E+24
Mrt:           -1.300000E+23
Mrp:            3.300000E+23
Mtp:            9.680000E+24
