 PDE 2011 10 13 03 16 30.20   -9.3500  114.5900  39.0 6.2 6.2 SOUTH OF BALI, INDONESIA
event name:   C201110130316A
time shift:           4.1000
half duration:        2.9000
latitude:            -9.6900
longitude:          114.6500
depth:               57.8000
Mrr:            4.600000E+24
Mtt:            1.100000E+25
Mpp:           -1.560000E+25
Mrt:           -5.380000E+24
Mrp:            9.000000E+23
Mtp:            1.650000E+25
