 PDE 2013 05 23 21 07 46.50  -20.5800 -175.7600 150.0 6.3 6.3 TONGA ISLANDS
event name:   C201305232107A
time shift:           4.5000
half duration:        3.4000
latitude:           -20.6700
longitude:         -175.2900
depth:              160.4000
Mrr:           -4.070000E+24
Mtt:            6.850000E+24
Mpp:           -2.780000E+24
Mrt:           -8.080000E+24
Mrp:           -2.990000E+25
Mtp:            8.590000E+24
