 PDE 2013 04 13 22 49 50.50  -19.1400  169.5400 280.2 6.0 6.0 VANUATU ISLANDS
event name:   C201304132249A
time shift:           1.9000
half duration:        2.5000
latitude:           -19.1000
longitude:          169.5100
depth:              272.7000
Mrr:            5.140000E+24
Mtt:           -3.740000E+24
Mpp:           -1.400000E+24
Mrt:            2.020000E+24
Mrp:           -7.670000E+24
Mtp:           -1.000000E+25
