 PDE 2018 07 19 13 31 53.80   17.9300  -97.7200  48.5 5.9 5.8 OAXACA, MEXICO
event name:   C201807191331A
time shift:           2.3000
half duration:        2.1000
latitude:            17.9500
longitude:          -97.7200
depth:               53.4000
Mrr:           -7.180000E+24
Mtt:            5.410000E+24
Mpp:            1.770000E+24
Mrt:           -2.080000E+24
Mrp:           -7.400000E+23
Mtp:           -4.040000E+24
