 PDE 2018 04 30 18 24 53.10  -15.9400  168.3700 266.0 5.8 5.8 VANUATU ISLANDS
event name:   C201804301824A
time shift:           3.0000
half duration:        2.0000
latitude:           -15.9400
longitude:          168.2200
depth:              276.3000
Mrr:            3.050000E+24
Mtt:           -3.390000E+24
Mpp:            3.370000E+23
Mrt:           -1.820000E+24
Mrp:           -3.680000E+24
Mtp:            4.900000E+24
