 PDE 2019 04 18 14 46 01.70  -51.1300  139.3200  10.0 6.3 6.3 WESTERN INDIAN-ANTARCTIC RIDGE
event name:   C201904181446A
time shift:           4.9000
half duration:        3.6000
latitude:           -51.1000
longitude:          139.3500
depth:               12.0000
Mrr:           -1.650000E+24
Mtt:            4.220000E+24
Mpp:           -2.570000E+24
Mrt:           -5.720000E+24
Mrp:           -2.600000E+23
Mtp:           -3.930000E+25
