 PDE 2016 12 11 14 33 12.90   -9.1200 -109.8500  10.0 5.8 5.8 CENTRAL EAST PACIFIC RISE
event name:   C201612111433A
time shift:           3.7000
half duration:        2.0000
latitude:            -9.0300
longitude:         -109.8800
depth:               15.0000
Mrr:           -5.110000E+23
Mtt:            7.000000E+22
Mpp:            4.410000E+23
Mrt:           -1.640000E+24
Mrp:            1.060000E+24
Mtp:            6.190000E+24
