 PDE 2012 03 26 18 12 52.80   10.0700 -104.1600  10.0 6.0 6.0 NORTHERN EAST PACIFIC RISE
event name:   C201203261812A
time shift:           3.7000
half duration:        2.5000
latitude:            10.2900
longitude:         -104.1900
depth:               12.0000
Mrr:           -3.700000E+23
Mtt:           -4.750000E+24
Mpp:            5.110000E+24
Mrt:           -4.300000E+23
Mrp:            1.900000E+23
Mtp:            1.180000E+25
