 PDE 2019 09 19 07 06 33.30   -6.0700  111.8400 610.0 6.1 6.1 JAVA, INDONESIA
event name:   C201909190706A
time shift:           1.6000
half duration:        2.9000
latitude:            -6.0700
longitude:          111.8300
depth:              622.8000
Mrr:           -2.060000E+25
Mtt:            1.850000E+25
Mpp:            2.020000E+24
Mrt:            5.400000E+23
Mrp:           -2.900000E+24
Mtp:           -4.590000E+24
