 PDE 2018 01 25 10 41 15.00  -17.7900 -179.6100 639.6 5.9 5.8 FIJI ISLANDS REGION
event name:   C201801251041A
time shift:           2.6000
half duration:        2.1000
latitude:           -17.7300
longitude:         -179.6900
depth:              651.5000
Mrr:           -4.290000E+23
Mtt:            9.470000E+23
Mpp:           -5.180000E+23
Mrt:           -2.690000E+23
Mrp:           -6.300000E+24
Mtp:            4.500000E+24
