 PDE 2018 09 21 03 40 40.50  -17.9100 -179.9800 652.3 5.9 5.9 FIJI ISLANDS REGION
event name:   C201809210340A
time shift:           1.8000
half duration:        2.1000
latitude:           -17.9600
longitude:         -179.8600
depth:              652.4000
Mrr:            6.860000E+24
Mtt:            1.030000E+24
Mpp:           -7.900000E+24
Mrt:           -2.900000E+24
Mrp:           -1.770000E+24
Mtp:            2.290000E+24
