 PDE 2015 05 12 07 36 54.50   27.6200   86.1600  15.0 6.1 6.3 NEPAL
event name:   C201505120736A
time shift:           5.1000
half duration:        2.8000
latitude:            27.3700
longitude:           86.3500
depth:               20.1000
Mrr:            1.370000E+25
Mtt:           -1.540000E+25
Mpp:            1.720000E+24
Mrt:            1.240000E+25
Mrp:            1.370000E+24
Mtp:            4.260000E+24
