 PDE 2018 07 19 14 16 27.10   54.4400 -160.8000  21.4 5.9 5.8 ALASKA PENINSULA
event name:   C201807191416A
time shift:           4.2000
half duration:        2.2000
latitude:            54.3100
longitude:         -160.7500
depth:               34.6000
Mrr:            5.630000E+24
Mtt:           -4.890000E+24
Mpp:           -7.500000E+23
Mrt:            5.750000E+24
Mrp:            2.770000E+24
Mtp:           -2.500000E+24
