 PDE 2017 09 07 17 26 49.30   27.7800  139.8000 451.0 6.0 6.1 BONIN ISLANDS, JAPAN REGION
event name:   C201709071726A
time shift:           2.4000
half duration:        2.5000
latitude:            27.7900
longitude:          139.7500
depth:              459.8000
Mrr:           -8.360000E+24
Mtt:            3.920000E+24
Mpp:            4.440000E+24
Mrt:            1.590000E+24
Mrp:           -1.020000E+25
Mtp:           -6.540000E+24
