 PDE 2019 12 20 11 39 52.90   36.5400   70.4600 212.0 6.2 6.1 HINDU KUSH REGION, AFGHANISTAN
event name:   C201912201139A
time shift:           0.4000
half duration:        3.1000
latitude:            36.5500
longitude:           70.4500
depth:              209.1000
Mrr:            9.950000E+24
Mtt:            1.240000E+25
Mpp:           -2.240000E+25
Mrt:            1.590000E+25
Mrp:            3.710000E+24
Mtp:           -1.320000E+24
