 PDE 2013 08 12 04 16 47.80  -30.6300 -179.6800 340.6 6.2 6.2 KERMADEC ISLANDS REGION
event name:   C201308120416A
time shift:           5.0000
half duration:        2.9000
latitude:           -30.4600
longitude:         -179.5800
depth:              347.9000
Mrr:           -1.230000E+25
Mtt:           -8.140000E+24
Mpp:            2.040000E+25
Mrt:           -1.050000E+25
Mrp:           -1.080000E+24
Mtp:            4.000000E+24
