 PDE 2018 07 13 09 46 49.10  -18.9300  169.0500 167.0 6.4 6.4 VANUATU ISLANDS
event name:   C201807130946A
time shift:           4.8000
half duration:        3.9000
latitude:           -18.9900
longitude:          168.8800
depth:              179.8000
Mrr:            1.570000E+25
Mtt:           -5.070000E+24
Mpp:           -1.070000E+25
Mrt:            4.040000E+24
Mrp:           -4.970000E+25
Mtp:            1.080000E+25
