 PDE 2019 07 04 17 33 49.00   35.7100 -117.5000  10.5 6.5 6.5 CENTRAL CALIFORNIA
event name:   C201907041733B
time shift:           9.4000
half duration:        4.1000
latitude:            35.6900
longitude:         -117.5400
depth:               12.7000
Mrr:           -4.550000E+24
Mtt:           -5.680000E+25
Mpp:            6.130000E+25
Mrt:           -4.000000E+22
Mrp:           -5.640000E+24
Mtp:            4.870000E+24
