 PDE 2018 05 01 17 15 37.80  -56.6400 -142.0100  10.0 5.9 5.9 PACIFIC-ANTARCTIC RIDGE
event name:   C201805011715A
time shift:           6.3000
half duration:        2.2000
latitude:           -56.7200
longitude:         -142.4500
depth:               20.2000
Mrr:           -4.800000E+23
Mtt:            8.010000E+24
Mpp:           -7.540000E+24
Mrt:           -2.100000E+23
Mrp:           -8.500000E+23
Mtp:            5.920000E+24
