 PDE 2018 04 02 13 40 34.80  -20.6600  -63.0100 559.0 6.8 6.8 SOUTHERN BOLIVIA
event name:   C201804021340A
time shift:           6.5000
half duration:        6.3000
latitude:           -20.6300
longitude:          -62.8100
depth:              569.1000
Mrr:           -1.900000E+26
Mtt:           -1.180000E+25
Mpp:            2.010000E+26
Mrt:            1.530000E+25
Mrp:            7.900000E+25
Mtp:           -6.220000E+25
