 PDE 2018 07 28 17 07 23.40   -7.1000  122.7300 578.2 6.0 6.0 FLORES SEA
event name:   C201807281707A
time shift:           1.1000
half duration:        2.5000
latitude:            -7.1200
longitude:          122.5500
depth:              584.1000
Mrr:           -1.170000E+25
Mtt:            1.420000E+25
Mpp:           -2.530000E+24
Mrt:            4.120000E+24
Mrp:            4.500000E+23
Mtp:            8.400000E+23
