 PDE 2010 06 16 03 16 27.50   -2.1700  136.5400  18.0 7.0 7.1 IRIAN JAYA REGION, INDONESIA
event name:   C201006160316A
time shift:          11.8000
half duration:        7.7000
latitude:            -1.8700
longitude:          136.3600
depth:               12.0000
Mrr:           -2.740000E+25
Mtt:           -3.160000E+26
Mpp:            3.440000E+26
Mrt:            7.940000E+25
Mrp:           -1.330000E+25
Mtp:            2.100000E+26
