 PDE 2016 12 18 09 47 06.10    8.3700  137.6700  19.0 6.1 6.2 W. CAROLINE ISLANDS, MICRONESIA
event name:   C201612180947A
time shift:           2.3000
half duration:        2.8000
latitude:             8.3400
longitude:          137.5500
depth:               15.7000
Mrr:            1.560000E+25
Mtt:           -8.200000E+24
Mpp:           -7.400000E+24
Mrt:            5.130000E+24
Mrp:           -9.800000E+23
Mtp:           -1.110000E+25
