 PDE 2019 02 14 19 57 05.00   35.4300  -36.0400  10.0 6.2 6.2 NORTHERN MID-ATLANTIC RIDGE
event name:   C201902141957A
time shift:           7.6000
half duration:        3.0000
latitude:            35.2600
longitude:          -35.8700
depth:               16.8000
Mrr:           -7.800000E+23
Mtt:            9.650000E+24
Mpp:           -8.870000E+24
Mrt:           -3.160000E+24
Mrp:            2.230000E+24
Mtp:            1.980000E+25
