 PDE 2014 04 20 01 54 11.70  -26.5600 -115.0200  10.0 5.8 5.9 SOUTHERN EAST PACIFIC RISE
event name:   C201404200154A
time shift:           3.8000
half duration:        1.9000
latitude:           -26.8000
longitude:         -114.8700
depth:               13.7000
Mrr:           -1.620000E+24
Mtt:            5.260000E+23
Mpp:            1.100000E+24
Mrt:            1.350000E+24
Mrp:            2.410000E+23
Mtp:           -6.010000E+24
