 PDE 2017 12 12 21 41 31.10   30.8300   57.3000   8.0 6.0 6.0 NORTHERN AND CENTRAL IRAN
event name:   C201712122141A
time shift:           0.9000
half duration:        2.5000
latitude:            30.7400
longitude:           57.1300
depth:               12.0000
Mrr:            1.200000E+25
Mtt:           -1.150000E+25
Mpp:           -5.500000E+23
Mrt:           -6.560000E+24
Mrp:            1.790000E+24
Mtp:            4.520000E+24
