 PDE 2016 07 23 01 00 20.90   47.7000  146.9200 408.0 5.8 5.8 NORTHWEST OF KURIL ISLANDS
event name:   C201607230100A
time shift:           2.5000
half duration:        2.0000
latitude:            47.6800
longitude:          146.9100
depth:              423.2000
Mrr:            4.000000E+24
Mtt:            1.970000E+24
Mpp:           -5.970000E+24
Mrt:            6.720000E+23
Mrp:           -5.010000E+24
Mtp:            7.000000E+22
