 PDE 2015 06 16 06 17 01.20  -20.3900 -179.0000 656.0 6.0 5.9 FIJI ISLANDS REGION
event name:   C201506160616A
time shift:           3.6000
half duration:        2.5000
latitude:           -20.4200
longitude:         -178.9300
depth:              664.5000
Mrr:            1.960000E+24
Mtt:           -1.490000E+24
Mpp:           -4.700000E+23
Mrt:           -1.640000E+24
Mrp:           -1.180000E+25
Mtp:           -4.080000E+24
