 PDE 2018 10 13 11 10 22.40   52.8500  153.2400 461.0 6.7 6.7 NORTHWEST OF KURIL ISLANDS
event name:   C201810131110A
time shift:           4.5000
half duration:        5.4000
latitude:            52.7100
longitude:          153.4300
depth:              473.4000
Mrr:           -5.430000E+25
Mtt:            2.500000E+25
Mpp:            2.930000E+25
Mrt:           -9.300000E+24
Mrp:           -9.070000E+25
Mtp:           -8.850000E+25
