 PDE 2018 08 22 09 31 45.50   43.5600 -127.7200  10.0 6.2 6.2 OFF COAST OF OREGON
event name:   C201808220931A
time shift:           3.0000
half duration:        3.0000
latitude:            43.5000
longitude:         -127.9300
depth:               18.8000
Mrr:           -1.090000E+24
Mtt:           -1.700000E+25
Mpp:            1.810000E+25
Mrt:            4.300000E+23
Mrp:            3.300000E+23
Mtp:           -1.540000E+25
