 PDE 2018 09 18 07 27 41.30  -37.8100   49.7800  10.0 5.9 6.0 SOUTHWEST INDIAN RIDGE
event name:   C201809180727A
time shift:           2.4000
half duration:        2.2000
latitude:           -37.6700
longitude:           49.8600
depth:               12.0000
Mrr:           -8.860000E+24
Mtt:            9.090000E+24
Mpp:           -2.300000E+23
Mrt:            2.110000E+24
Mrp:            4.500000E+23
Mtp:           -2.400000E+23
