 PDE 2019 01 27 10 16 28.70  -20.1000 -177.8200 562.4 5.8 5.8 FIJI ISLANDS REGION
event name:   C201901271016A
time shift:           2.8000
half duration:        2.0000
latitude:           -20.0200
longitude:         -177.8200
depth:              568.2000
Mrr:           -2.350000E+24
Mtt:            5.960000E+24
Mpp:           -3.600000E+24
Mrt:           -9.430000E+23
Mrp:           -2.990000E+24
Mtp:           -3.170000E+24
