 PDE 2019 05 03 07 25 29.20   -6.9300  160.1400  10.0 6.2 6.2 SOLOMON ISLANDS
event name:   C201905030725A
time shift:           6.5000
half duration:        3.1000
latitude:            -6.8900
longitude:          160.1000
depth:               28.3000
Mrr:           -1.320000E+25
Mtt:            1.640000E+25
Mpp:           -3.260000E+24
Mrt:            8.060000E+24
Mrp:            9.920000E+24
Mtp:           -1.600000E+25
