 PDE 2017 06 19 09 15 45.50  -20.7500 -176.5400 278.0 5.9 5.9 FIJI ISLANDS REGION
event name:   C201706190915A
time shift:           2.3000
half duration:        2.1000
latitude:           -20.7200
longitude:         -176.4600
depth:              293.1000
Mrr:            1.600000E+23
Mtt:           -7.800000E+24
Mpp:            7.640000E+24
Mrt:           -1.920000E+24
Mrp:            1.980000E+24
Mtp:           -2.210000E+24
