 PDE 2018 03 02 02 20 12.30   -6.1400  130.2800 135.0 5.9 5.9 BANDA SEA
event name:   C201803020220A
time shift:           2.2000
half duration:        2.2000
latitude:            -6.1700
longitude:          130.3500
depth:              151.9000
Mrr:            2.860000E+24
Mtt:           -2.990000E+24
Mpp:            1.300000E+23
Mrt:            4.400000E+23
Mrp:            6.930000E+24
Mtp:            6.250000E+24
