 PDE 2014 07 29 10 46 15.40   17.7000  -95.6300 117.1 6.4 6.3 OAXACA, MEXICO
event name:   C201407291046A
time shift:           3.5000
half duration:        3.7000
latitude:            17.9700
longitude:          -95.6900
depth:              109.2000
Mrr:           -3.950000E+25
Mtt:            1.040000E+25
Mpp:            2.910000E+25
Mrt:            7.890000E+24
Mrp:           -1.370000E+25
Mtp:           -2.450000E+25
