 PDE 2015 07 17 18 49 53.70  -18.1200 -178.1900 536.1 5.8 5.8 FIJI ISLANDS REGION
event name:   C201507171849A
time shift:           2.2000
half duration:        2.0000
latitude:           -18.0500
longitude:         -178.1800
depth:              549.3000
Mrr:           -4.970000E+24
Mtt:            3.020000E+23
Mpp:            4.670000E+24
Mrt:           -2.300000E+24
Mrp:           -4.370000E+24
Mtp:            1.640000E+24
