 PDE 2019 09 02 22 45 48.80   23.7800  -45.2200  10.0 5.9 5.9 NORTHERN MID-ATLANTIC RIDGE
event name:   C201909022245A
time shift:           2.1000
half duration:        2.2000
latitude:            23.7500
longitude:          -45.0600
depth:               12.0000
Mrr:           -5.400000E+23
Mtt:           -2.790000E+24
Mpp:            3.330000E+24
Mrt:            7.290000E+23
Mrp:           -1.840000E+23
Mtp:           -8.400000E+24
