 PDE 2015 08 06 23 59 46.30  -26.4600 -178.2500 269.0 6.0 6.0 SOUTH OF FIJI ISLANDS
event name:   C201508062359A
time shift:           1.3000
half duration:        2.5000
latitude:           -26.4600
longitude:         -178.1500
depth:              270.4000
Mrr:           -6.540000E+24
Mtt:           -6.680000E+24
Mpp:            1.320000E+25
Mrt:           -6.980000E+24
Mrp:           -6.000000E+23
Mtp:            4.800000E+23
