 PDE 2012 08 02 09 38 30.90   -8.4100  -74.2600 144.6 6.0 6.1 PERU-BRAZIL BORDER REGION
event name:   C201208020938A
time shift:           1.9000
half duration:        2.5000
latitude:            -8.5800
longitude:          -74.3600
depth:              150.5000
Mrr:           -1.030000E+25
Mtt:            2.310000E+24
Mpp:            8.040000E+24
Mrt:           -1.470000E+24
Mrp:           -9.510000E+24
Mtp:            4.690000E+24
