 PDE 2015 03 10 20 55 44.40    6.7800  -72.9900 155.0 6.2 6.2 NORTHERN COLOMBIA
event name:   C201503102055A
time shift:           4.8000
half duration:        3.3000
latitude:             6.8300
longitude:          -73.1100
depth:              155.9000
Mrr:           -1.160000E+25
Mtt:           -8.520000E+24
Mpp:            2.010000E+25
Mrt:           -1.250000E+25
Mrp:           -2.050000E+25
Mtp:           -2.370000E+24
