 PDE 2015 02 02 10 49 48.50  -32.7200  -67.1200 172.0 6.3 6.3 MENDOZA PROVINCE, ARGENTINA
event name:   C201502021049A
time shift:           3.9000
half duration:        3.3000
latitude:           -32.7700
longitude:          -67.1400
depth:              176.8000
Mrr:            5.880000E+24
Mtt:           -1.600000E+23
Mpp:           -5.720000E+24
Mrt:           -2.400000E+25
Mrp:           -2.070000E+25
Mtp:            1.070000E+25
