 PDE 2015 02 11 21 29 24.60  -65.6000 -179.6000  10.0 5.8 5.8 PACIFIC-ANTARCTIC RIDGE
event name:   C201502112129A
time shift:           3.2000
half duration:        2.0000
latitude:           -65.4800
longitude:         -179.6500
depth:               12.0000
Mrr:           -1.600000E+22
Mtt:            4.550000E+24
Mpp:           -4.540000E+24
Mrt:           -4.880000E+24
Mrp:            1.970000E+24
Mtp:           -8.520000E+23
