 PDE 2017 05 06 00 16 09.70  -60.8300  -38.0400  12.0 5.9 5.9 SCOTIA SEA
event name:   C201705060016A
time shift:           4.8000
half duration:        2.2000
latitude:           -61.0400
longitude:          -37.8100
depth:               22.7000
Mrr:           -1.430000E+24
Mtt:            6.660000E+23
Mpp:            7.640000E+23
Mrt:            2.200000E+24
Mrp:            1.980000E+24
Mtp:            8.370000E+24
