 PDE 2016 07 20 15 13 16.50  -18.9300  169.0500 167.0 6.1 6.1 VANUATU ISLANDS
event name:   C201607201513A
time shift:           3.3000
half duration:        2.7000
latitude:           -18.9700
longitude:          168.8500
depth:              174.8000
Mrr:            1.640000E+24
Mtt:           -2.080000E+24
Mpp:            4.400000E+23
Mrt:            2.180000E+24
Mrp:           -1.600000E+25
Mtp:            3.400000E+24
