 PDE 2016 11 09 14 50 59.70   -4.7400  149.8700 448.8 6.0 5.9 BISMARCK SEA
event name:   C201611091450A
time shift:           3.2000
half duration:        2.3000
latitude:            -4.6200
longitude:          149.8400
depth:              462.7000
Mrr:            1.980000E+24
Mtt:            3.530000E+24
Mpp:           -5.510000E+24
Mrt:           -3.710000E+24
Mrp:           -2.900000E+24
Mtp:            7.990000E+24
