 PDE 2019 09 26 16 36 18.20  -40.8100  -72.0000 129.0 6.1 6.1 CENTRAL CHILE
event name:   C201909261636A
time shift:           4.1000
half duration:        2.6000
latitude:           -40.9000
longitude:          -72.0600
depth:              139.0000
Mrr:            8.120000E+24
Mtt:           -5.560000E+24
Mpp:           -2.550000E+24
Mrt:            3.910000E+24
Mrp:            6.170000E+24
Mtp:            1.220000E+25
