 PDE 2017 06 29 07 03 11.00  -31.1200  179.9300 404.8 6.0 6.0 KERMADEC ISLANDS REGION
event name:   C201706290703A
time shift:           5.7000
half duration:        2.6000
latitude:           -30.9300
longitude:         -179.9200
depth:              409.5000
Mrr:           -4.560000E+24
Mtt:           -7.720000E+24
Mpp:            1.230000E+25
Mrt:           -7.380000E+24
Mrp:           -6.500000E+24
Mtp:           -5.800000E+23
