 PDE 2016 08 23 19 39 44.60   -7.2900  122.4300 533.0 6.1 6.0 FLORES SEA
event name:   C201608231939A
time shift:           1.5000
half duration:        2.6000
latitude:            -7.2900
longitude:          122.4800
depth:              534.5000
Mrr:            2.300000E+24
Mtt:           -6.930000E+24
Mpp:            4.630000E+24
Mrt:           -7.600000E+23
Mrp:            1.010000E+25
Mtp:            1.010000E+25
