 PDE 2019 03 30 06 27 23.30   -9.6900   66.5300   8.0 5.8 5.8 MID-INDIAN RIDGE
event name:   C201903300627A
time shift:           2.6000
half duration:        1.9000
latitude:            -9.6700
longitude:           66.4000
depth:               12.0000
Mrr:            5.210000E+24
Mtt:            4.640000E+23
Mpp:           -5.670000E+24
Mrt:           -2.150000E+23
Mrp:           -1.310000E+24
Mtp:           -3.320000E+24
