 PDE 2015 11 16 00 39 33.50   17.8400  -81.8200   6.7 5.9 5.8 NORTH OF HONDURAS
event name:   C201511160039A
time shift:           3.1000
half duration:        2.1000
latitude:            17.8900
longitude:          -81.9700
depth:               18.6000
Mrr:            4.000000E+22
Mtt:           -2.720000E+24
Mpp:            2.680000E+24
Mrt:            1.870000E+24
Mrp:           -9.550000E+23
Mtp:            7.870000E+24
