 PDE 2017 01 17 09 08 02.00   19.8500  -76.5900  11.0 5.8 5.8 CUBA REGION
event name:   C201701170908A
time shift:           5.1000
half duration:        2.0000
latitude:            19.9400
longitude:          -76.6000
depth:               12.0000
Mrr:            5.400000E+24
Mtt:           -4.530000E+24
Mpp:           -8.680000E+23
Mrt:            4.450000E+24
Mrp:           -1.930000E+24
Mtp:            1.810000E+24
