 PDE 2015 05 15 20 26 56.90   -2.5400  102.2200 151.0 6.0 6.0 SOUTHERN SUMATRA, INDONESIA
event name:   C201505152026A
time shift:           1.4000
half duration:        2.6000
latitude:            -2.6100
longitude:          102.1400
depth:              158.4000
Mrr:            3.820000E+24
Mtt:           -1.050000E+25
Mpp:            6.670000E+24
Mrt:           -9.500000E+23
Mrp:           -7.870000E+24
Mtp:           -8.060000E+24
