 PDE 2018 02 10 22 50 48.90   -3.8200  151.9300 268.0 5.8 5.8 NEW IRELAND REGION, P.N.G.
event name:   C201802102250A
time shift:           0.8000
half duration:        2.0000
latitude:            -3.8000
longitude:          151.9700
depth:              272.8000
Mrr:           -1.120000E+24
Mtt:            1.920000E+24
Mpp:           -8.030000E+23
Mrt:            2.110000E+23
Mrp:           -7.040000E+24
Mtp:            1.690000E+24
