 PDE 2011 01 23 19 15 42.70  -20.3300 -176.2900 236.1 5.8 5.9 FIJI ISLANDS REGION
event name:   C201101231915A
time shift:           2.6000
half duration:        2.0000
latitude:           -20.4300
longitude:         -175.7300
depth:              235.1000
Mrr:           -8.030000E+23
Mtt:            8.270000E+23
Mpp:           -2.400000E+22
Mrt:           -1.620000E+24
Mrp:           -7.190000E+24
Mtp:           -5.230000E+23
