 PDE 2013 04 20 05 11 57.50  -54.7800    1.1700  11.0 5.8 5.8 BOUVET ISLAND REGION
event name:   C201304200511A
time shift:           6.7000
half duration:        2.0000
latitude:           -54.8900
longitude:            1.5700
depth:               22.6000
Mrr:           -7.800000E+23
Mtt:            7.420000E+24
Mpp:           -6.640000E+24
Mrt:            7.000000E+22
Mrp:            1.190000E+24
Mtp:           -1.810000E+24
