 PDE 2017 06 17 22 26 02.00  -24.0900  179.6000 511.0 6.1 6.1 SOUTH OF FIJI ISLANDS
event name:   C201706172226A
time shift:           5.8000
half duration:        2.7000
latitude:           -24.1500
longitude:          179.6600
depth:              537.5000
Mrr:            4.150000E+24
Mtt:           -7.930000E+24
Mpp:            3.790000E+24
Mrt:           -8.120000E+24
Mrp:           -1.220000E+25
Mtp:           -4.880000E+24
