 PDE 2019 10 21 02 52 29.70  -19.0200  169.4900 231.0 6.4 6.4 VANUATU ISLANDS
event name:   C201910210252A
time shift:           3.8000
half duration:        4.1000
latitude:           -19.0700
longitude:          169.3100
depth:              245.0000
Mrr:            4.580000E+25
Mtt:            6.200000E+23
Mpp:           -4.640000E+25
Mrt:            1.930000E+25
Mrp:           -2.400000E+25
Mtp:           -1.630000E+25
