 PDE 2019 08 05 00 40 46.00    1.0400  -27.8700  10.0 5.9 5.8 CENTRAL MID-ATLANTIC RIDGE
event name:   C201908050040A
time shift:           3.7000
half duration:        2.1000
latitude:             1.1300
longitude:          -27.7900
depth:               12.9000
Mrr:           -1.490000E+24
Mtt:            2.010000E+24
Mpp:           -5.270000E+23
Mrt:            2.000000E+24
Mrp:           -4.530000E+23
Mtp:           -7.930000E+24
