 PDE 2010 03 13 02 53 15.20    2.1900  133.0200  10.0 5.8 5.9 IRIAN JAYA REGION, INDONESIA
event name:   C201003130253A
time shift:           3.3000
half duration:        2.0000
latitude:             2.2800
longitude:          133.0200
depth:               13.2000
Mrr:           -6.320000E+24
Mtt:           -3.420000E+23
Mpp:            6.660000E+24
Mrt:            1.100000E+24
Mrp:            8.180000E+23
Mtp:            9.820000E+23
