 PDE 2017 04 18 17 11 47.00  -18.0900 -178.3700 628.0 6.1 6.0 FIJI ISLANDS REGION
event name:   C201704181711A
time shift:           7.2000
half duration:        2.7000
latitude:           -18.0300
longitude:         -178.3700
depth:              646.5000
Mrr:           -8.280000E+24
Mtt:           -2.550000E+24
Mpp:            1.080000E+25
Mrt:            1.230000E+25
Mrp:           -4.290000E+24
Mtp:           -6.870000E+24
