 PDE 2018 05 18 01 45 31.50  -34.5900 -178.4100  11.0 6.1 6.1 SOUTH OF KERMADEC ISLANDS
event name:   C201805180145A
time shift:           5.1000
half duration:        2.6000
latitude:           -34.6700
longitude:         -178.2100
depth:               14.3000
Mrr:           -1.370000E+25
Mtt:           -2.980000E+24
Mpp:            1.670000E+25
Mrt:           -3.240000E+24
Mrp:           -1.410000E+24
Mtp:            1.440000E+24
