 PDE 2018 06 30 03 56 49.40   19.0200 -105.1200  15.0 5.9 5.9 NEAR COAST OF JALISCO, MEXICO
event name:   C201806300356A
time shift:           2.4000
half duration:        2.3000
latitude:            19.0700
longitude:         -105.2500
depth:               25.3000
Mrr:            3.260000E+24
Mtt:           -4.190000E+24
Mpp:            9.400000E+23
Mrt:           -2.330000E+24
Mrp:            3.610000E+24
Mtp:           -8.550000E+24
