 PDE 2014 12 10 21 03 39.30   25.5400  122.4500 256.0 6.1 6.1 TAIWAN REGION
event name:   C201412102103A
time shift:           3.3000
half duration:        2.9000
latitude:            25.5100
longitude:          122.4000
depth:              262.0000
Mrr:           -1.190000E+25
Mtt:            9.760000E+24
Mpp:            2.160000E+24
Mrt:           -1.710000E+25
Mrp:           -1.860000E+24
Mtp:           -1.330000E+24
