 PDE 2012 05 28 21 47 09.40  -19.9600 -175.9800 210.7 5.9 5.9 TONGA ISLANDS
event name:   C201205282147A
time shift:           3.3000
half duration:        2.2000
latitude:           -20.0300
longitude:         -175.5100
depth:              212.2000
Mrr:           -2.200000E+22
Mtt:           -5.960000E+23
Mpp:            6.180000E+23
Mrt:           -1.350000E+24
Mrp:           -6.800000E+24
Mtp:            5.670000E+24
