 PDE 2014 05 08 17 00 14.80   17.2400 -100.7500  17.1 6.5 6.4 GUERRERO, MEXICO
event name:   C201405081700A
time shift:           5.2000
half duration:        4.2000
latitude:            17.3600
longitude:         -100.7400
depth:               21.3000
Mrr:            4.240000E+25
Mtt:           -3.510000E+25
Mpp:           -7.310000E+24
Mrt:            3.870000E+25
Mrp:           -2.400000E+25
Mtp:            1.610000E+25
