 PDE 2017 05 02 15 10 22.40  -11.7300  -13.9200  10.0 6.0 5.9 ASCENSION ISLAND REGION
event name:   C201705021510A
time shift:           4.9000
half duration:        2.3000
latitude:           -11.6300
longitude:          -13.9700
depth:               12.0000
Mrr:            9.800000E+23
Mtt:           -4.890000E+24
Mpp:            3.910000E+24
Mrt:           -1.780000E+24
Mrp:            4.700000E+23
Mtp:            9.280000E+24
