 PDE 2019 08 08 00 45 26.70   36.5300   70.0600 226.0 5.9 5.8 HINDU KUSH REGION, AFGHANISTAN
event name:   C201908080045A
time shift:           0.2000
half duration:        2.1000
latitude:            36.5000
longitude:           70.0300
depth:              228.5000
Mrr:            3.110000E+24
Mtt:           -3.090000E+24
Mpp:           -1.500000E+22
Mrt:            7.390000E+24
Mrp:           -2.780000E+23
Mtp:            6.520000E+23
