 PDE 2016 12 08 05 15 04.60   43.8200   86.3500  17.5 6.0 6.0 NORTHERN XINJIANG, CHINA
event name:   C201612080515A
time shift:           1.9000
half duration:        2.6000
latitude:            43.9800
longitude:           86.3200
depth:               20.3000
Mrr:            9.450000E+24
Mtt:           -1.070000E+25
Mpp:            1.240000E+24
Mrt:           -1.030000E+25
Mrp:            4.900000E+23
Mtp:           -7.000000E+22
