 PDE 2018 05 01 19 47 53.60  -18.0200 -177.9400 585.0 5.9 5.9 FIJI ISLANDS REGION
event name:   C201805011947A
time shift:           3.2000
half duration:        2.1000
latitude:           -18.0000
longitude:         -178.0300
depth:              598.1000
Mrr:           -4.500000E+24
Mtt:            2.880000E+24
Mpp:            1.620000E+24
Mrt:           -4.000000E+23
Mrp:           -6.260000E+24
Mtp:            3.530000E+24
