 PDE 2010 04 14 01 25 15.60   33.1900   96.4500   7.6 6.1 6.1 QINGHAI, CHINA
event name:   C201004140125A
time shift:           2.2000
half duration:        2.6000
latitude:            33.1800
longitude:           96.5300
depth:               17.9000
Mrr:           -2.970000E+24
Mtt:            1.220000E+25
Mpp:           -9.270000E+24
Mrt:           -5.660000E+24
Mrp:           -4.980000E+24
Mtp:            9.360000E+24
