 PDE 2018 10 29 06 54 21.20  -57.4300  -66.3800  10.0 6.3 6.3 DRAKE PASSAGE
event name:   C201810290654A
time shift:           4.5000
half duration:        3.6000
latitude:           -57.5500
longitude:          -66.6000
depth:               20.7000
Mrr:            3.670000E+25
Mtt:           -7.160000E+24
Mpp:           -2.960000E+25
Mrt:            7.050000E+24
Mrp:            1.110000E+25
Mtp:            1.410000E+25
