 PDE 2013 11 03 11 03 38.40    4.6600  123.3500 532.0 6.0 5.9 CELEBES SEA
event name:   C201311031103A
time shift:           3.6000
half duration:        2.3000
latitude:             4.7600
longitude:          123.2800
depth:              543.1000
Mrr:           -3.150000E+24
Mtt:            4.580000E+24
Mpp:           -1.430000E+24
Mrt:           -4.930000E+24
Mrp:           -8.330000E+24
Mtp:            2.140000E+24
