 PDE 2010 05 03 23 09 38.00  -38.2700  -74.3100  22.9 6.2 6.3 OFF COAST OF CENTRAL CHILE
event name:   C201005032309A
time shift:          12.0000
half duration:        3.0000
latitude:           -38.3100
longitude:          -74.0800
depth:               14.5000
Mrr:            1.090000E+25
Mtt:            4.000000E+23
Mpp:           -1.130000E+25
Mrt:            6.600000E+23
Mrp:           -2.020000E+25
Mtp:            4.600000E+23
