 PDE 2019 01 26 03 51 37.90   -7.0100  156.3200 355.0 6.2 6.2 SOLOMON ISLANDS
event name:   C201901260351A
time shift:           2.5000
half duration:        3.1000
latitude:            -6.9900
longitude:          156.2500
depth:              364.5000
Mrr:            1.440000E+25
Mtt:           -4.760000E+24
Mpp:           -9.650000E+24
Mrt:           -1.990000E+25
Mrp:           -8.620000E+24
Mtp:           -7.170000E+24
