 PDE 2015 04 28 16 39 39.20  -20.8900 -178.6300 581.0 6.1 6.1 FIJI ISLANDS REGION
event name:   C201504281639A
time shift:           3.7000
half duration:        2.7000
latitude:           -20.7900
longitude:         -178.7100
depth:              591.4000
Mrr:           -9.640000E+24
Mtt:            8.550000E+24
Mpp:            1.100000E+24
Mrt:           -1.050000E+25
Mrp:           -1.000000E+25
Mtp:           -1.360000E+24
