 PDE 2014 05 04 20 18 24.70   34.9100  139.4200 153.0 6.0 6.0 NEAR S. COAST OF HONSHU, JAPAN
event name:   C201405042018A
time shift:           2.7000
half duration:        2.5000
latitude:            34.8900
longitude:          139.4800
depth:              165.2000
Mrr:           -3.520000E+24
Mtt:           -3.730000E+24
Mpp:            7.250000E+24
Mrt:            6.260000E+24
Mrp:            9.930000E+24
Mtp:            2.150000E+24
