 PDE 2011 06 08 03 06 22.60  -17.0800  -69.5200 145.7 5.9 5.9 PERU-BOLIVIA BORDER REGION
event name:   C201106080306A
time shift:           1.8000
half duration:        2.3000
latitude:           -17.3700
longitude:          -69.8400
depth:              150.4000
Mrr:           -4.030000E+24
Mtt:           -3.180000E+24
Mpp:            7.220000E+24
Mrt:            5.620000E+24
Mrp:           -5.450000E+24
Mtp:           -1.240000E+24
