 PDE 2011 02 25 13 07 26.50   17.8400  -95.0100 122.7 6.0 6.0 OAXACA, MEXICO
event name:   C201102251307A
time shift:           2.2000
half duration:        2.4000
latitude:            17.9800
longitude:          -95.2000
depth:              128.4000
Mrr:           -1.060000E+25
Mtt:            1.430000E+24
Mpp:            9.120000E+24
Mrt:            3.240000E+24
Mrp:           -4.900000E+23
Mtp:           -5.660000E+24
