 PDE 2019 08 21 14 28 25.60  -50.3300  139.3200  10.0 6.0 6.0 WESTERN INDIAN-ANTARCTIC RIDGE
event name:   C201908211428A
time shift:           4.2000
half duration:        2.5000
latitude:           -50.3000
longitude:          139.4400
depth:               12.0000
Mrr:           -5.100000E+23
Mtt:            1.460000E+24
Mpp:           -9.400000E+23
Mrt:           -2.000000E+23
Mrp:           -5.300000E+23
Mtp:           -1.300000E+25
