 PDE 2016 05 08 07 34 00.70   16.4100  -97.8400  22.0 5.9 5.8 OAXACA, MEXICO
event name:   C201605080734A
time shift:           2.6000
half duration:        2.1000
latitude:            16.6100
longitude:          -97.7900
depth:               23.9000
Mrr:            4.170000E+24
Mtt:           -2.950000E+24
Mpp:           -1.230000E+24
Mrt:            5.360000E+24
Mrp:           -4.640000E+24
Mtp:            1.580000E+24
