 PDE 2012 01 30 05 11 00.90  -14.1700  -75.6300  43.0 6.4 6.4 NEAR COAST OF PERU
event name:   C201201300511A
time shift:           4.6000
half duration:        3.8000
latitude:           -14.2600
longitude:          -76.0500
depth:               45.7000
Mrr:            3.690000E+25
Mtt:            6.100000E+23
Mpp:           -3.750000E+25
Mrt:           -1.380000E+24
Mrp:           -2.740000E+25
Mtp:            1.660000E+25
