 PDE 2015 07 26 07 05 10.10   -9.2600  112.6700  52.0 5.9 5.9 SOUTH OF JAVA, INDONESIA
event name:   C201507260705A
time shift:          -0.2000
half duration:        2.2000
latitude:            -9.4500
longitude:          112.8200
depth:               43.7000
Mrr:            6.100000E+24
Mtt:            2.570000E+24
Mpp:           -8.670000E+24
Mrt:            3.240000E+24
Mrp:            5.300000E+23
Mtp:            2.830000E+24
