 PDE 2015 05 29 08 40 13.20  -47.3600   99.9200  10.0 5.9 5.9 SOUTHEAST INDIAN RIDGE
event name:   C201505290840A
time shift:           5.7000
half duration:        2.1000
latitude:           -47.3400
longitude:          100.1900
depth:               14.5000
Mrr:           -4.920000E+23
Mtt:            6.140000E+24
Mpp:           -5.650000E+24
Mrt:           -4.860000E+24
Mrp:            9.350000E+23
Mtp:            2.090000E+24
