 PDE 2010 05 26 08 53 08.00   25.7700  129.9400  10.0 6.4 6.5 SOUTHEAST OF RYUKYU ISLANDS
event name:   C201005260853A
time shift:           6.9000
half duration:        4.0000
latitude:            25.8000
longitude:          130.0100
depth:               12.0000
Mrr:           -3.070000E+25
Mtt:            8.500000E+24
Mpp:            2.220000E+25
Mrt:           -2.160000E+24
Mrp:            3.790000E+24
Mtp:            5.520000E+25
