 PDE 2016 04 17 07 31 00.00  -23.5000 -174.2500  10.0 5.9 5.7 TONGA ISLANDS REGION
event name:   C201604170731A
time shift:           1.5000
half duration:        2.1000
latitude:           -23.6800
longitude:         -174.0900
depth:               20.2000
Mrr:           -9.630000E+24
Mtt:            3.360000E+24
Mpp:            6.270000E+24
Mrt:            1.580000E+24
Mrp:            5.500000E+23
Mtp:            2.040000E+24
