 PDE 2016 08 04 14 15 12.90  -22.3300  -66.0100 270.0 6.1 6.2 JUJUY PROVINCE, ARGENTINA
event name:   C201608041415A
time shift:           5.7000
half duration:        2.9000
latitude:           -22.1700
longitude:          -66.0100
depth:              277.2000
Mrr:            3.660000E+24
Mtt:           -1.480000E+24
Mpp:           -2.180000E+24
Mrt:            3.440000E+24
Mrp:           -1.990000E+25
Mtp:           -3.000000E+22
