 PDE 2018 05 15 15 48 09.90  -12.7800   45.5800  17.0 5.9 5.9 NORTHWEST OF MADAGASCAR
event name:   C201805151548A
time shift:           2.7000
half duration:        2.1000
latitude:           -12.8400
longitude:           45.6900
depth:               34.4000
Mrr:           -1.100000E+24
Mtt:            3.350000E+24
Mpp:           -2.250000E+24
Mrt:           -3.700000E+24
Mrp:           -1.370000E+24
Mtp:           -6.660000E+24
