 PDE 2019 01 26 19 56 44.10  -21.0500 -178.9600 588.0 6.2 6.2 FIJI ISLANDS REGION
event name:   C201901261956A
time shift:           4.3000
half duration:        3.0000
latitude:           -21.0400
longitude:         -179.0100
depth:              601.5000
Mrr:           -1.200000E+25
Mtt:            6.220000E+24
Mpp:            5.800000E+24
Mrt:           -1.820000E+25
Mrp:           -1.000000E+25
Mtp:            1.060000E+24
