 PDE 2019 06 13 03 00 31.30  -35.7300  -17.1900  10.0 5.8 5.7 SOUTHERN MID-ATLANTIC RIDGE
event name:   C201906130300A
time shift:           5.5000
half duration:        1.9000
latitude:           -35.4900
longitude:          -17.1900
depth:               18.4000
Mrr:           -4.700000E+22
Mtt:           -2.340000E+24
Mpp:            2.390000E+24
Mrt:           -9.420000E+23
Mrp:            8.290000E+23
Mtp:            5.620000E+24
