 PDE 2018 02 19 06 56 58.20   16.2900  -97.7300  22.0 5.9 5.9 OAXACA, MEXICO
event name:   C201802190657A
time shift:           4.3000
half duration:        2.2000
latitude:            16.5900
longitude:          -97.6300
depth:               23.8000
Mrr:            5.520000E+24
Mtt:           -4.420000E+24
Mpp:           -1.100000E+24
Mrt:            6.840000E+24
Mrp:           -4.160000E+24
Mtp:            1.710000E+24
