 PDE 2018 06 24 18 43 43.30   -9.0200 -108.4700  10.0 5.9 5.9 CENTRAL EAST PACIFIC RISE
event name:   C201806241843A
time shift:           4.3000
half duration:        2.1000
latitude:            -8.9700
longitude:         -108.3300
depth:               16.0000
Mrr:            2.940000E+23
Mtt:            1.570000E+24
Mpp:           -1.860000E+24
Mrt:           -1.350000E+24
Mrp:            1.310000E+23
Mtp:            7.700000E+24
