 PDE 2016 06 21 17 12 07.40   -3.4200  151.8800 354.0 6.3 6.3 NEW IRELAND REGION, P.N.G.
event name:   C201606211712A
time shift:           6.2000
half duration:        3.3000
latitude:            -3.3700
longitude:          152.0300
depth:              361.4000
Mrr:           -3.220000E+25
Mtt:            8.660000E+24
Mpp:            2.350000E+25
Mrt:            1.350000E+25
Mrp:           -1.010000E+25
Mtp:            3.900000E+23
