 PDE 2014 03 10 17 33 29.00   -5.4800  147.9600 260.0 6.0 5.9 EASTERN NEW GUINEA REG., P.N.G.
event name:   C201403101733A
time shift:           4.8000
half duration:        2.3000
latitude:            -5.5400
longitude:          147.9500
depth:              265.0000
Mrr:            4.980000E+24
Mtt:           -8.930000E+24
Mpp:            3.960000E+24
Mrt:            5.330000E+24
Mrp:           -5.240000E+24
Mtp:           -1.710000E+24
