 PDE 2018 11 04 07 55 29.30    7.7700  123.8700 600.7 6.0 6.0 MINDANAO, PHILIPPINES
event name:   C201811040755A
time shift:           0.6000
half duration:        2.4000
latitude:             7.8200
longitude:          123.7500
depth:              599.3000
Mrr:           -9.560000E+24
Mtt:            4.400000E+23
Mpp:            9.120000E+24
Mrt:            3.420000E+24
Mrp:           -6.280000E+24
Mtp:           -2.740000E+24
