 PDE 2011 07 16 17 06 39.60   -7.1000  127.5800 254.7 5.9 5.9 BANDA SEA
event name:   C201107161706A
time shift:           1.9000
half duration:        2.2000
latitude:            -7.1800
longitude:          127.5800
depth:              259.9000
Mrr:            2.930000E+24
Mtt:           -4.030000E+24
Mpp:            1.100000E+24
Mrt:           -4.490000E+24
Mrp:            7.320000E+24
Mtp:            3.010000E+24
