 PDE 2018 08 12 14 58 54.30   69.5600 -145.3000   2.2 6.4 6.4 NORTHERN ALASKA
event name:   C201808121458A
time shift:           7.9000
half duration:        4.0000
latitude:            69.7400
longitude:         -144.7800
depth:               12.0000
Mrr:           -7.690000E+24
Mtt:           -1.990000E+25
Mpp:            2.760000E+25
Mrt:            4.890000E+24
Mrp:           -1.510000E+25
Mtp:           -4.730000E+25
