 PDE 2016 02 20 15 51 23.30  -21.9600 -179.4100 582.7 5.8 5.8 FIJI ISLANDS REGION
event name:   C201602201551A
time shift:           3.1000
half duration:        1.9000
latitude:           -22.0100
longitude:         -179.4000
depth:              593.0000
Mrr:            3.840000E+24
Mtt:            2.070000E+24
Mpp:           -5.910000E+24
Mrt:            2.600000E+24
Mrp:           -2.680000E+24
Mtp:           -8.300000E+22
