 PDE 2013 05 11 20 46 57.60  -17.9700 -175.1100 212.9 6.3 6.4 TONGA ISLANDS
event name:   C201305112046A
time shift:           7.2000
half duration:        3.6000
latitude:           -17.8900
longitude:         -174.7400
depth:              242.2000
Mrr:           -2.130000E+25
Mtt:            1.950000E+25
Mpp:            1.800000E+24
Mrt:           -9.190000E+24
Mrp:           -3.030000E+25
Mtp:            1.710000E+25
