 PDE 2018 08 17 15 35 01.90   -7.3700  119.8000 529.0 6.5 6.5 FLORES SEA
event name:   C201808171535A
time shift:           2.2000
half duration:        4.4000
latitude:            -7.3100
longitude:          119.7500
depth:              538.9000
Mrr:            1.680000E+25
Mtt:           -9.090000E+24
Mpp:           -7.660000E+24
Mrt:            4.120000E+25
Mrp:            5.650000E+25
Mtp:           -1.780000E+25
