 PDE 2015 04 02 04 10 10.00  -17.8600 -178.5800 560.0 5.9 5.9 FIJI ISLANDS REGION
event name:   C201504020410A
time shift:           4.9000
half duration:        2.2000
latitude:           -17.6800
longitude:         -178.5700
depth:              563.8000
Mrr:            6.880000E+24
Mtt:            1.010000E+24
Mpp:           -7.890000E+24
Mrt:            4.440000E+24
Mrp:           -3.320000E+24
Mtp:            1.600000E+24
