 PDE 2013 07 24 03 32 33.60  -23.1300 -177.2200 155.5 6.0 5.9 SOUTH OF FIJI ISLANDS
event name:   C201307240332A
time shift:           4.1000
half duration:        2.3000
latitude:           -23.2300
longitude:         -176.8100
depth:              169.2000
Mrr:           -1.180000E+24
Mtt:            1.690000E+24
Mpp:           -5.200000E+23
Mrt:           -3.380000E+24
Mrp:           -9.690000E+24
Mtp:            2.220000E+24
