 PDE 2015 11 27 21 00 22.90  -24.8300  -70.6000  34.0 6.2 6.2 NEAR COAST OF NORTHERN CHILE
event name:   C201511272100A
time shift:           5.8000
half duration:        3.0000
latitude:           -24.7600
longitude:          -70.9000
depth:               41.1000
Mrr:            1.650000E+25
Mtt:            2.400000E+24
Mpp:           -1.890000E+25
Mrt:            4.790000E+24
Mrp:           -1.480000E+25
Mtp:            2.700000E+23
