 PDE 2019 03 10 18 04 59.10   58.3500  -31.9500  10.0 5.8 5.9 REYKJANES RIDGE
event name:   C201903101804A
time shift:           2.8000
half duration:        2.1000
latitude:            58.4000
longitude:          -31.6700
depth:               12.0000
Mrr:           -7.220000E+24
Mtt:            2.300000E+23
Mpp:            6.990000E+24
Mrt:            1.190000E+24
Mrp:           -1.800000E+23
Mtp:            2.360000E+24
