 PDE 2017 05 09 01 54 14.50   24.4500  126.3200  10.0 6.0 6.0 RYUKYU ISLANDS, JAPAN
event name:   C201705090154A
time shift:           3.2000
half duration:        2.6000
latitude:            24.2800
longitude:          126.2800
depth:               18.6000
Mrr:            2.800000E+23
Mtt:            6.340000E+24
Mpp:           -6.620000E+24
Mrt:            2.220000E+24
Mrp:            1.030000E+24
Mtp:            1.350000E+25
