 PDE 2011 12 13 07 52 11.90    0.0400  123.0300 161.0 6.1 6.0 MINAHASSA PENINSULA, SULAWESI
event name:   C201112130752A
time shift:           0.6000
half duration:        2.6000
latitude:             0.0100
longitude:          123.1400
depth:              164.4000
Mrr:            1.290000E+25
Mtt:           -1.230000E+25
Mpp:           -5.500000E+23
Mrt:            7.580000E+24
Mrp:            2.270000E+24
Mtp:            3.950000E+24
