 PDE 2015 02 22 14 23 12.70   18.6800 -106.8500   5.0 6.2 6.2 OFF COAST OF JALISCO, MEXICO
event name:   C201502221423A
time shift:           3.9000
half duration:        3.2000
latitude:            18.8200
longitude:         -106.8500
depth:               14.9000
Mrr:           -2.120000E+24
Mtt:           -1.440000E+25
Mpp:            1.650000E+25
Mrt:            1.200000E+23
Mrp:            5.100000E+23
Mtp:           -2.420000E+25
