 PDE 2015 03 16 03 00 05.90   -4.0700  152.0300 196.0 5.9 5.9 NEW BRITAIN REGION, P.N.G.
event name:   C201503160300A
time shift:           1.8000
half duration:        2.3000
latitude:            -4.0900
longitude:          152.0000
depth:              197.8000
Mrr:           -3.810000E+24
Mtt:            8.720000E+24
Mpp:           -4.900000E+24
Mrt:            7.000000E+22
Mrp:           -6.750000E+24
Mtp:           -9.800000E+23
