 PDE 2018 11 25 03 40 50.80   13.1800  -81.0900  10.0 6.0 6.0 CARIBBEAN SEA
event name:   C201811250340A
time shift:           2.2000
half duration:        2.4000
latitude:            13.2200
longitude:          -81.1300
depth:               12.0000
Mrr:           -8.700000E+23
Mtt:           -7.310000E+24
Mpp:            8.180000E+24
Mrt:            1.800000E+23
Mrp:           -9.100000E+23
Mtp:            8.920000E+24
