 PDE 2019 01 18 16 40 43.60    8.4300 -103.2300  10.0 5.8 5.9 NORTHERN EAST PACIFIC RISE
event name:   C201901181640A
time shift:           2.2000
half duration:        2.0000
latitude:             8.4700
longitude:         -103.3800
depth:               12.0000
Mrr:           -9.160000E+23
Mtt:            2.560000E+24
Mpp:           -1.640000E+24
Mrt:           -4.620000E+23
Mrp:           -4.520000E+23
Mtp:           -6.130000E+24
