 PDE 2018 11 25 16 37 32.70   34.3500   45.7400  18.0 6.3 6.3 IRAN-IRAQ BORDER REGION
event name:   C201811251637A
time shift:           1.3000
half duration:        3.4000
latitude:            34.2400
longitude:           45.5800
depth:               23.2000
Mrr:            3.790000E+24
Mtt:            2.800000E+25
Mpp:           -3.180000E+25
Mrt:            6.870000E+24
Mrp:           -5.000000E+22
Mtp:            1.700000E+25
