 PDE 2013 08 30 02 11 02.50   -4.4200  151.5700 202.5 5.8 5.8 NEW BRITAIN REGION, P.N.G.
event name:   C201308300211A
time shift:           2.6000
half duration:        2.0000
latitude:            -4.5000
longitude:          151.7200
depth:              212.6000
Mrr:            2.580000E+24
Mtt:           -1.580000E+23
Mpp:           -2.430000E+24
Mrt:            1.560000E+24
Mrp:           -6.450000E+24
Mtp:            2.140000E+24
