 PDE 2019 04 05 09 56 52.70   30.4100  138.6800 383.0 5.9 5.9 SOUTHEAST OF HONSHU, JAPAN
event name:   C201904050956A
time shift:           1.1000
half duration:        2.1000
latitude:            30.4500
longitude:          138.5400
depth:              391.5000
Mrr:           -2.890000E+24
Mtt:            2.250000E+24
Mpp:            6.370000E+23
Mrt:            1.700000E+24
Mrp:           -6.760000E+24
Mtp:           -2.540000E+24
