 PDE 2019 06 04 04 39 17.00   29.0700  139.3000 422.0 6.4 6.4 SOUTHEAST OF HONSHU, JAPAN
event name:   C201906040439A
time shift:           2.8000
half duration:        3.9000
latitude:            29.0800
longitude:          139.1700
depth:              439.0000
Mrr:           -4.570000E+24
Mtt:            6.870000E+24
Mpp:           -2.300000E+24
Mrt:            8.170000E+24
Mrp:           -4.800000E+25
Mtp:           -9.850000E+24
