 PDE 2015 07 29 00 10 24.70    8.2300  -77.3200  12.0 5.9 5.9 PANAMA-COLOMBIA BORDER REGION
event name:   C201507290010A
time shift:           2.4000
half duration:        2.2000
latitude:             8.2400
longitude:          -77.3200
depth:               23.1000
Mrr:            4.420000E+24
Mtt:           -9.200000E+24
Mpp:            4.780000E+24
Mrt:           -5.600000E+23
Mrp:            2.870000E+24
Mtp:           -5.400000E+24
