 PDE 2010 02 22 07 00 52.90  -23.6400 -176.0400  25.1 5.9 6.0 SOUTH OF FIJI ISLANDS
event name:   C201002220700A
time shift:           2.5000
half duration:        2.2000
latitude:           -23.8300
longitude:         -175.3500
depth:               21.2000
Mrr:            7.620000E+24
Mtt:           -4.100000E+23
Mpp:           -7.210000E+24
Mrt:            1.830000E+24
Mrp:            5.270000E+24
Mtp:           -2.430000E+24
