 PDE 2014 09 06 07 48 33.70  -26.7600 -114.4700  10.0 5.8 5.9 EASTER ISLAND REGION
event name:   C201409060748A
time shift:           6.8000
half duration:        2.0000
latitude:           -26.9500
longitude:         -114.4300
depth:               15.3000
Mrr:           -5.750000E+23
Mtt:           -2.010000E+24
Mpp:            2.590000E+24
Mrt:            4.000000E+23
Mrp:            8.740000E+23
Mtp:           -6.270000E+24
