 PDE 2015 09 28 15 28 05.80  -23.8000  -66.6000 219.0 6.0 5.9 JUJUY PROVINCE, ARGENTINA
event name:   C201509281528A
time shift:           4.2000
half duration:        2.4000
latitude:           -23.8400
longitude:          -66.8900
depth:              221.4000
Mrr:           -9.100000E+23
Mtt:           -3.300000E+23
Mpp:            1.240000E+24
Mrt:            1.100000E+24
Mrp:           -1.160000E+25
Mtp:           -5.100000E+23
