 PDE 2013 10 23 08 23 30.40  -23.0100 -177.1400 160.0 6.0 6.0 SOUTH OF FIJI ISLANDS
event name:   C201310230823A
time shift:           3.2000
half duration:        2.4000
latitude:           -23.0800
longitude:         -176.7400
depth:              168.4000
Mrr:           -2.000000E+23
Mtt:            7.100000E+23
Mpp:           -5.000000E+23
Mrt:           -3.690000E+24
Mrp:           -1.110000E+25
Mtp:            2.650000E+24
