 PDE 2017 02 24 00 32 17.50   -8.4400   30.0500  30.0 6.0 5.9 LAKE TANGANYIKA REGION
event name:   C201702240032A
time shift:           1.3000
half duration:        2.3000
latitude:            -8.3100
longitude:           29.8600
depth:               33.8000
Mrr:           -8.670000E+24
Mtt:            8.770000E+24
Mpp:           -9.000000E+22
Mrt:            2.110000E+24
Mrp:            4.570000E+24
Mtp:            2.980000E+24
