 PDE 2005 01 24 23 26 50.30   -1.4000  -80.9100  10.0 5.8 0.0 NEAR COAST OF ECUADOR
event name:   C200501242326A
time shift:           3.3000
half duration:        1.9000
latitude:            -1.6500
longitude:          -80.9400
depth:               31.4000
Mrr:            5.650000E+24
Mtt:           -4.390000E+23
Mpp:           -5.210000E+24
Mrt:            5.670000E+23
Mrp:           -3.090000E+24
Mtp:           -2.240000E+23
