 PDE 2006 05 05 06 16 20.30  -19.8300 -174.6500  35.0 5.9 5.9 TONGA ISLANDS
event name:   C200605050616B
time shift:           2.4000
half duration:        2.1000
latitude:           -19.8700
longitude:         -174.0400
depth:               12.0000
Mrr:           -1.440000E+24
Mtt:            3.320000E+24
Mpp:           -1.880000E+24
Mrt:           -3.580000E+23
Mrp:            1.790000E+24
Mtp:            6.900000E+24
