 PDE 2009 09 10 02 46 50.30   48.3200  154.1900  36.0 6.0 6.0 KURIL ISLANDS
event name:   C200909100246A
time shift:           4.6000
half duration:        2.3000
latitude:            48.2000
longitude:          154.6800
depth:               44.0000
Mrr:            7.370000E+24
Mtt:           -1.860000E+24
Mpp:           -5.510000E+24
Mrt:            4.020000E+24
Mrp:            5.450000E+24
Mtp:           -4.650000E+24
