 PDE 2006 07 17 09 13 05.00   -9.0900  107.7600  10.0 6.0 6.0 SOUTH OF JAVA, INDONESIA
event name:   C200607170913A
time shift:           4.0000
half duration:        2.4000
latitude:            -9.1400
longitude:          107.8200
depth:               20.6000
Mrr:           -7.840000E+24
Mtt:            5.990000E+24
Mpp:            1.850000E+24
Mrt:            8.710000E+24
Mrp:           -1.950000E+24
Mtp:           -2.990000E+24
