 PDE 2008 09 12 23 07 50.20   56.3100  164.0900   9.3 5.9 5.9 KOMANDORSKIYE OSTROVA REGION
event name:   C200809122307A
time shift:           5.9000
half duration:        2.2000
latitude:            56.2700
longitude:          164.3100
depth:               15.0000
Mrr:           -1.010000E+24
Mtt:           -3.000000E+24
Mpp:            4.010000E+24
Mrt:            7.390000E+23
Mrp:           -1.080000E+24
Mtp:           -7.850000E+24
