 PDE 2007 11 15 15 03 08.80  -22.8700  -70.4100  27.0 6.3 6.1 NEAR COAST OF NORTHERN CHILE
event name:   C200711151503A
time shift:           5.3000
half duration:        3.6000
latitude:           -22.9900
longitude:          -71.0100
depth:               35.8000
Mrr:            2.360000E+25
Mtt:            4.150000E+24
Mpp:           -2.770000E+25
Mrt:            7.110000E+24
Mrp:           -2.910000E+25
Mtp:            2.570000E+24
