 PDE 2005 09 23 13 48 31.40   16.1300  -87.4900  29.8 5.8 5.4 NORTH OF HONDURAS
event name:   C200509231348A
time shift:           2.1000
half duration:        2.1000
latitude:            16.3800
longitude:          -87.6700
depth:               28.0000
Mrr:           -2.450000E+23
Mtt:           -4.280000E+24
Mpp:            4.520000E+24
Mrt:           -1.250000E+24
Mrp:            3.860000E+24
Mtp:            4.430000E+24
