 PDE 2007 07 17 09 39 27.80  -26.2100 -177.7400  10.0 6.1 6.1 SOUTH OF FIJI ISLANDS
event name:   C200707170939A
time shift:           3.4000
half duration:        2.7000
latitude:           -26.1600
longitude:         -177.6300
depth:               15.7000
Mrr:           -2.260000E+24
Mtt:            1.180000E+24
Mpp:            1.080000E+24
Mrt:            1.680000E+24
Mrp:            2.200000E+23
Mtp:            1.710000E+25
