 PDE 2005 01 26 22 00 42.60    2.7000   94.6000  22.2 5.9 6.0 OFF W COAST OF NORTHERN SUMATRA
event name:   C200501262200A
time shift:           0.3000
half duration:        2.1000
latitude:             2.4700
longitude:           94.4700
depth:               12.0000
Mrr:            6.650000E+24
Mtt:           -3.940000E+24
Mpp:           -2.710000E+24
Mrt:            2.110000E+24
Mrp:           -3.530000E+24
Mtp:            3.990000E+24
