 PDE 2005 02 05 17 35 46.90    8.1100   94.1800  30.0 5.9 5.8 NICOBAR ISLANDS, INDIA REGION
event name:   C200502051735A
time shift:           0.2000
half duration:        2.2000
latitude:             8.0800
longitude:           94.2700
depth:               15.0000
Mrr:           -1.140000E+24
Mtt:            1.270000E+24
Mpp:           -1.250000E+23
Mrt:            8.580000E+23
Mrp:            6.900000E+23
Mtp:            8.720000E+24
