 PDE 2006 07 17 16 09 55.00   -9.3700  108.7700  26.9 5.9 5.8 SOUTH OF JAVA, INDONESIA
event name:   C200607171609A
time shift:           3.1000
half duration:        2.1000
latitude:            -9.5500
longitude:          108.7700
depth:               15.3000
Mrr:           -3.640000E+24
Mtt:            3.310000E+24
Mpp:            3.330000E+23
Mrt:            7.200000E+24
Mrp:           -1.100000E+24
Mtp:           -1.860000E+24
