 PDE 2008 09 27 03 09 04.60   13.4800  120.5400  10.0 5.9 5.9 MINDORO, PHILIPPINES
event name:   C200809270309A
time shift:           5.0000
half duration:        2.2000
latitude:            13.5600
longitude:          120.4600
depth:               12.0000
Mrr:           -8.210000E+24
Mtt:            3.340000E+24
Mpp:            4.870000E+24
Mrt:            2.940000E+24
Mrp:            1.630000E+24
Mtp:            4.100000E+24
