 PDE 2006 02 03 20 34 12.70   11.9000   92.4100  30.0 6.1 5.9 ANDAMAN ISLANDS, INDIA REGION
event name:   C200602032034A
time shift:           1.8000
half duration:        2.6000
latitude:            11.8300
longitude:           92.1700
depth:               12.0000
Mrr:            4.750000E+24
Mtt:            1.160000E+24
Mpp:           -5.910000E+24
Mrt:            1.370000E+24
Mrp:           -1.480000E+25
Mtp:            6.200000E+23
