 PDE 2005 08 07 11 35 26.10  -14.4500 -177.2900  10.0 5.9 5.9 FIJI ISLANDS REGION
event name:   C200508071135A
time shift:           5.0000
half duration:        2.3000
latitude:           -14.2600
longitude:         -177.1000
depth:               12.0000
Mrr:           -6.300000E+23
Mtt:            1.740000E+24
Mpp:           -1.110000E+24
Mrt:           -5.200000E+23
Mrp:           -6.800000E+23
Mtp:            1.010000E+25
