 PDE 2006 04 12 01 06 58.70   56.4000  163.9900  28.8 6.0 6.0 NEAR EAST COAST OF KAMCHATKA
event name:   C200604120106A
time shift:           2.2000
half duration:        2.6000
latitude:            56.2400
longitude:          164.2500
depth:               24.0000
Mrr:           -9.000000E+22
Mtt:           -6.260000E+24
Mpp:            6.340000E+24
Mrt:           -1.120000E+24
Mrp:            2.540000E+24
Mtp:           -1.270000E+25
