 PDE 2009 09 28 19 22 57.10   27.9300  127.8200   9.0 5.8 5.8 RYUKYU ISLANDS, JAPAN
event name:   C200909281922A
time shift:           4.1000
half duration:        2.0000
latitude:            27.7700
longitude:          127.8100
depth:               12.0000
Mrr:           -5.560000E+24
Mtt:            3.670000E+24
Mpp:            1.900000E+24
Mrt:           -4.720000E+23
Mrp:            1.220000E+24
Mtp:            4.100000E+24
