 PDE 2005 01 21 13 45 14.10   -1.1300  -80.8300  10.0 6.0 5.9 NEAR COAST OF ECUADOR
event name:   C200501211345A
time shift:           3.8000
half duration:        2.4000
latitude:            -1.2300
longitude:          -81.0500
depth:               12.0000
Mrr:            6.790000E+24
Mtt:            2.700000E+23
Mpp:           -7.060000E+24
Mrt:            6.000000E+23
Mrp:           -9.820000E+24
Mtp:            0.000000E+00
