 PDE 2006 07 17 15 45 59.80   -9.4200  108.3200  21.0 6.1 6.1 SOUTH OF JAVA, INDONESIA
event name:   C200607171545A
time shift:           2.7000
half duration:        2.8000
latitude:            -9.5700
longitude:          108.2900
depth:               12.0000
Mrr:           -9.310000E+24
Mtt:            9.090000E+24
Mpp:            2.200000E+23
Mrt:            1.590000E+25
Mrp:           -3.630000E+24
Mtp:           -1.860000E+24
