 PDE 2006 09 19 13 58 56.90   -9.9000  107.3500  12.0 5.9 5.9 SOUTH OF JAVA, INDONESIA
event name:   C200609191358A
time shift:           3.8000
half duration:        2.1000
latitude:           -10.1000
longitude:          107.4300
depth:               18.3000
Mrr:           -6.350000E+24
Mtt:            5.670000E+24
Mpp:            6.780000E+23
Mrt:           -5.730000E+23
Mrp:           -2.360000E+24
Mtp:           -4.210000E+24
