 PDE 2008 12 18 21 19 28.40  -32.4600  -71.7300  18.0 6.1 6.2 NEAR COAST OF CENTRAL CHILE
event name:   C200812182119A
time shift:           5.2000
half duration:        2.8000
latitude:           -32.6300
longitude:          -72.1300
depth:               22.5000
Mrr:            1.130000E+25
Mtt:            1.180000E+24
Mpp:           -1.250000E+25
Mrt:            1.330000E+24
Mrp:           -1.540000E+25
Mtp:            6.200000E+23
