 PDE 2005 03 31 01 46 17.80  -18.4500  175.9900  10.0 6.0 5.7 FIJI ISLANDS REGION
event name:   C200503310146A
time shift:           5.0000
half duration:        2.5000
latitude:           -18.4700
longitude:          176.1300
depth:               12.0000
Mrr:           -1.340000E+25
Mtt:            1.570000E+24
Mpp:            1.180000E+25
Mrt:           -2.810000E+24
Mrp:           -9.200000E+23
Mtp:            4.980000E+24
