 PDE 2008 10 05 09 12 36.10  -30.1800 -177.1800  10.0 6.1 6.2 KERMADEC ISLANDS, NEW ZEALAND
event name:   C200810050912A
time shift:          10.2000
half duration:        2.8000
latitude:           -30.0000
longitude:         -176.7000
depth:               14.0000
Mrr:            1.270000E+25
Mtt:           -4.700000E+23
Mpp:           -1.220000E+25
Mrt:            3.310000E+24
Mrp:            1.280000E+25
Mtp:           -3.830000E+24
