 PDE 2007 12 15 18 22 27.90  -32.6900  -71.6800  30.2 5.9 5.9 NEAR COAST OF CENTRAL CHILE
event name:   C200712151822A
time shift:           4.2000
half duration:        2.2000
latitude:           -32.8100
longitude:          -72.0200
depth:               33.3000
Mrr:            5.470000E+24
Mtt:            8.800000E+23
Mpp:           -6.350000E+24
Mrt:            7.000000E+22
Mrp:           -6.590000E+24
Mtp:            1.200000E+23
