 PDE 2008 02 14 12 08 55.80   36.3500   21.8600  28.0 6.5 6.2 SOUTHERN GREECE
event name:   C200802141208A
time shift:           6.9000
half duration:        4.0000
latitude:            36.2900
longitude:           21.6700
depth:               15.0000
Mrr:            1.190000E+25
Mtt:           -5.090000E+24
Mpp:           -6.800000E+24
Mrt:            6.950000E+25
Mrp:           -3.950000E+25
Mtp:            7.560000E+24
