 PDE 2006 09 16 09 45 23.90   -3.0800  129.4400  17.0 6.3 6.3 SERAM, INDONESIA
event name:   C200609160945A
time shift:           3.4000
half duration:        3.6000
latitude:            -2.8700
longitude:          129.4800
depth:               15.6000
Mrr:            1.250000E+25
Mtt:           -1.190000E+25
Mpp:           -5.800000E+23
Mrt:           -1.970000E+25
Mrp:            3.040000E+25
Mtp:            8.320000E+24
