 PDE 2007 02 19 14 33 34.60  -20.2100  173.0900  20.7 5.8 5.8 VANUATU ISLANDS REGION
event name:   C200702191433A
time shift:           3.8000
half duration:        2.0000
latitude:           -20.1800
longitude:          173.0500
depth:               16.4000
Mrr:           -7.860000E+23
Mtt:           -4.810000E+24
Mpp:            5.600000E+24
Mrt:            4.220000E+23
Mrp:            3.100000E+23
Mtp:           -4.070000E+24
