 PDE 2006 04 19 20 36 48.30    2.6500   93.2400  30.0 6.2 6.2 OFF W COAST OF NORTHERN SUMATRA
event name:   C200604192036A
time shift:           2.4000
half duration:        3.1000
latitude:             2.7000
longitude:           93.2200
depth:               17.2000
Mrr:           -4.420000E+24
Mtt:           -1.290000E+25
Mpp:            1.730000E+25
Mrt:           -2.630000E+24
Mrp:           -9.440000E+24
Mtp:           -1.800000E+25
