 PDE 2006 10 21 18 23 21.00   13.3700  121.3800  18.3 5.9 5.9 MINDORO, PHILIPPINES
event name:   C200610211823A
time shift:           2.1000
half duration:        2.2000
latitude:            13.4900
longitude:          121.5200
depth:               15.0000
Mrr:            1.100000E+23
Mtt:            5.910000E+24
Mpp:           -6.020000E+24
Mrt:           -9.000000E+23
Mrp:            6.000000E+23
Mtp:            6.720000E+24
