 PDE 2008 03 14 22 32 09.60   26.9900  142.6000  11.0 6.0 6.0 BONIN ISLANDS, JAPAN REGION
event name:   C200803142232A
time shift:           2.9000
half duration:        2.4000
latitude:            26.8800
longitude:          143.0000
depth:               13.1000
Mrr:            8.980000E+24
Mtt:            1.080000E+24
Mpp:           -1.010000E+25
Mrt:            4.900000E+23
Mrp:            7.110000E+24
Mtp:            5.100000E+23
