 PDE 2009 10 16 09 52 50.80   -6.5300  105.2200  38.0 6.1 6.1 SUNDA STRAIT, INDONESIA
event name:   C200910160952A
time shift:           4.6000
half duration:        2.7000
latitude:            -7.0700
longitude:          105.0900
depth:               45.2000
Mrr:            1.470000E+25
Mtt:           -1.380000E+25
Mpp:           -9.100000E+23
Mrt:            7.090000E+24
Mrp:           -5.800000E+23
Mtp:            7.200000E+24
