 PDE 2006 12 17 12 51 08.70  -21.2600 -174.4700  14.3 5.8 5.8 TONGA ISLANDS
event name:   C200612171251A
time shift:           4.9000
half duration:        2.0000
latitude:           -21.3700
longitude:         -173.8800
depth:               20.0000
Mrr:            5.660000E+24
Mtt:           -6.760000E+23
Mpp:           -4.980000E+24
Mrt:            1.630000E+24
Mrp:            2.920000E+24
Mtp:           -2.900000E+24
