 PDE 2006 01 23 20 50 45.00    6.8600  -77.7900  14.0 6.2 5.9 NEAR WEST COAST OF COLOMBIA
event name:   C200601232050A
time shift:           5.0000
half duration:        3.0000
latitude:             6.9700
longitude:          -77.7700
depth:               15.0000
Mrr:            9.750000E+24
Mtt:           -4.400000E+23
Mpp:           -9.310000E+24
Mrt:            1.960000E+24
Mrp:           -2.500000E+25
Mtp:            4.960000E+24
