 PDE 2008 01 07 03 12 26.80   -0.8000  134.0100  12.0 5.9 5.9 IRIAN JAYA REGION, INDONESIA
event name:   C200801070312A
time shift:           2.9000
half duration:        2.1000
latitude:            -0.7900
longitude:          134.0300
depth:               12.0000
Mrr:            7.380000E+24
Mtt:           -6.510000E+24
Mpp:           -8.700000E+23
Mrt:           -1.830000E+24
Mrp:            1.370000E+24
Mtp:            3.510000E+24
