 PDE 2009 04 17 02 08 08.70  -19.5800  -70.4800  25.0 6.1 6.1 NEAR COAST OF NORTHERN CHILE
event name:   C200904170208A
time shift:           6.3000
half duration:        2.7000
latitude:           -19.7200
longitude:          -71.1000
depth:               31.9000
Mrr:            1.090000E+25
Mtt:            1.030000E+24
Mpp:           -1.200000E+25
Mrt:            3.900000E+24
Mrp:           -1.030000E+25
Mtp:            3.070000E+24
