 PDE 2009 01 06 22 48 27.20   -0.6600  133.4300  16.0 6.0 6.0 IRIAN JAYA REGION, INDONESIA
event name:   C200901062248A
time shift:           4.9000
half duration:        2.4000
latitude:            -0.6500
longitude:          133.3600
depth:               26.0000
Mrr:            6.200000E+23
Mtt:           -4.290000E+24
Mpp:            3.660000E+24
Mrt:           -1.070000E+25
Mrp:            4.920000E+24
Mtp:           -1.320000E+24
