 PDE 2006 09 29 13 08 26.20   10.8800  -61.7600  53.1 6.1 6.1 TRINIDAD
event name:   C200609291308A
time shift:           2.8000
half duration:        2.6000
latitude:            10.7300
longitude:          -61.3900
depth:               28.5000
Mrr:           -4.880000E+24
Mtt:            4.390000E+24
Mpp:            4.900000E+23
Mrt:            1.310000E+25
Mrp:            1.370000E+24
Mtp:            7.650000E+24
