 PDE 2005 06 13 19 59 52.70    2.7400   94.1700  18.6 5.8 5.4 OFF W COAST OF NORTHERN SUMATRA
event name:   C200506131959A
time shift:           8.5000
half duration:        2.1000
latitude:             2.7500
longitude:           94.0700
depth:               12.0000
Mrr:            6.930000E+24
Mtt:           -3.250000E+24
Mpp:           -3.680000E+24
Mrt:           -1.310000E+24
Mrp:            7.440000E+23
Mtp:            3.770000E+24
