 PDE 2007 02 04 21 17 46.80  -55.8800 -122.7200  10.0 6.2 6.1 SOUTHERN EAST PACIFIC RISE
event name:   C200702042117A
time shift:           5.9000
half duration:        3.0000
latitude:           -56.1100
longitude:         -123.1000
depth:               12.0000
Mrr:           -2.300000E+23
Mtt:            1.230000E+25
Mpp:           -1.200000E+25
Mrt:            1.400000E+23
Mrp:           -2.770000E+24
Mtp:            1.870000E+25
