 PDE 2005 01 04 09 13 12.20   10.6700   92.3600  23.2 5.9 5.9 ANDAMAN ISLANDS, INDIA REGION
event name:   C200501040913A
time shift:           5.2000
half duration:        2.8000
latitude:            10.6500
longitude:           92.0300
depth:               24.0000
Mrr:            5.870000E+24
Mtt:            9.700000E+23
Mpp:           -6.840000E+24
Mrt:            1.850000E+24
Mrp:           -7.520000E+24
Mtp:            6.200000E+23
