 PDE 2005 01 05 14 54 04.80    5.4900   94.3900  48.8 5.9 5.8 NORTHERN SUMATRA, INDONESIA
event name:   C200501051454A
time shift:           1.4000
half duration:        2.1000
latitude:             5.3200
longitude:           94.2400
depth:               33.0000
Mrr:            5.360000E+24
Mtt:           -1.660000E+24
Mpp:           -3.710000E+24
Mrt:            4.150000E+24
Mrp:           -5.000000E+24
Mtp:            3.520000E+24
