 PDE 2006 09 21 18 54 50.00   -9.0500  110.3600  25.0 6.0 6.0 SOUTH OF JAVA, INDONESIA
event name:   C200609211854A
time shift:           5.8000
half duration:        2.4000
latitude:            -9.4900
longitude:          110.5700
depth:               34.6000
Mrr:            7.040000E+24
Mtt:           -9.490000E+24
Mpp:            2.450000E+24
Mrt:            7.520000E+24
Mrp:           -1.540000E+24
Mtp:            1.990000E+24
