 PDE 2007 07 18 00 07 35.50  -26.3000 -177.7400  10.0 6.1 6.1 SOUTH OF FIJI ISLANDS
event name:   C200707180007A
time shift:           4.4000
half duration:        2.7000
latitude:           -26.3100
longitude:         -177.6700
depth:               12.0000
Mrr:           -1.190000E+25
Mtt:            5.700000E+24
Mpp:            6.240000E+24
Mrt:            3.190000E+24
Mrp:            8.000000E+23
Mtp:            1.500000E+25
