 PDE 2005 11 13 10 24 58.40   -3.1000  128.9400  20.0 5.9 5.7 SERAM, INDONESIA
event name:   C200511131024A
time shift:           5.2000
half duration:        2.3000
latitude:            -2.9300
longitude:          129.0400
depth:               23.0000
Mrr:            4.570000E+24
Mtt:           -8.790000E+24
Mpp:            4.220000E+24
Mrt:           -1.080000E+24
Mrp:            5.740000E+24
Mtp:            1.870000E+24
