 PDE 2006 12 17 21 39 17.50    0.6300   99.8600  30.0 5.8 5.8 NORTHERN SUMATRA, INDONESIA
event name:   C200612172139A
time shift:           0.4000
half duration:        1.9000
latitude:             0.5700
longitude:           99.8300
depth:               18.2000
Mrr:           -6.080000E+23
Mtt:           -3.400000E+24
Mpp:            4.010000E+24
Mrt:           -4.420000E+23
Mrp:           -2.590000E+23
Mtp:            5.100000E+24
