 PDE 2007 12 22 07 11 09.10   -2.4200  139.0600  27.0 6.2 6.1 NEAR NORTH COAST OF IRIAN JAYA
event name:   C200712220711A
time shift:           5.0000
half duration:        3.1000
latitude:            -2.2100
longitude:          139.1800
depth:               17.8000
Mrr:            1.320000E+25
Mtt:            5.190000E+24
Mpp:           -1.840000E+25
Mrt:           -1.530000E+25
Mrp:           -1.170000E+24
Mtp:            1.240000E+25
