 PDE 2007 11 19 15 20 03.70  -21.9700  173.4900  10.0 6.0 5.9 VANUATU ISLANDS REGION
event name:   C200711191520A
time shift:           4.1000
half duration:        2.3000
latitude:           -21.9300
longitude:          173.6500
depth:               16.3000
Mrr:            1.700000E+23
Mtt:           -3.200000E+24
Mpp:            3.040000E+24
Mrt:           -1.900000E+23
Mrp:            1.910000E+24
Mtp:            9.970000E+24
