 PDE 2009 03 26 17 35 14.30   -5.7200  -81.3400  10.0 5.8 5.8 NEAR COAST OF NORTHERN PERU
event name:   C200903261735A
time shift:           3.8000
half duration:        2.0000
latitude:            -5.9000
longitude:          -81.7000
depth:               13.2000
Mrr:            3.260000E+24
Mtt:           -1.450000E+23
Mpp:           -3.120000E+24
Mrt:            1.280000E+24
Mrp:           -6.010000E+24
Mtp:            2.190000E+23
