 PDE 2006 06 27 13 03 12.10   14.9600  -94.1800  28.9 5.8 5.8 OFF COAST OF CHIAPAS, MEXICO
event name:   C200606271303A
time shift:           1.1000
half duration:        2.0000
latitude:            14.9500
longitude:          -94.5300
depth:               12.0000
Mrr:            4.210000E+24
Mtt:           -2.750000E+24
Mpp:           -1.460000E+24
Mrt:            3.920000E+24
Mrp:           -3.150000E+24
Mtp:            2.100000E+24
