 PDE 2009 09 18 06 23 53.50   12.6200  120.4300  12.0 5.9 6.0 MINDORO, PHILIPPINES
event name:   C200909180624A
time shift:           2.3000
half duration:        2.3000
latitude:            12.6500
longitude:          120.3800
depth:               12.0000
Mrr:           -1.310000E+24
Mtt:            1.040000E+25
Mpp:           -9.110000E+24
Mrt:           -8.000000E+23
Mrp:           -1.880000E+24
Mtp:           -2.430000E+24
