 PDE 2007 06 08 13 32 00.80   13.8400  -90.7700  47.8 5.8 5.8 NEAR COAST OF GUATEMALA
event name:   C200706081332A
time shift:           1.5000
half duration:        2.0000
latitude:            13.5100
longitude:          -91.3200
depth:               39.8000
Mrr:            5.910000E+24
Mtt:           -5.130000E+24
Mpp:           -7.790000E+23
Mrt:            2.080000E+24
Mrp:           -1.460000E+24
Mtp:            2.850000E+24
