 PDE 2009 01 24 01 28 39.30  -28.2500 -176.7000  10.0 5.9 6.0 KERMADEC ISLANDS REGION
event name:   C200901240128A
time shift:           5.9000
half duration:        2.2000
latitude:           -28.1300
longitude:         -176.3200
depth:               14.1000
Mrr:            6.330000E+24
Mtt:            1.370000E+24
Mpp:           -7.700000E+24
Mrt:            1.490000E+24
Mrp:            5.500000E+24
Mtp:           -4.100000E+23
