 PDE 2008 03 28 22 41 32.20   20.2500  121.9500  10.0 5.8 5.8 PHILIPPINE ISLANDS REGION
event name:   C200803282241A
time shift:           3.6000
half duration:        1.9000
latitude:            20.1000
longitude:          121.8500
depth:               12.7000
Mrr:           -2.600000E+23
Mtt:            3.600000E+24
Mpp:           -3.340000E+24
Mrt:            4.220000E+23
Mrp:           -2.240000E+23
Mtp:           -5.240000E+24
