 PDE 2009 10 19 22 49 38.40  -15.3600 -172.2600  18.0 6.0 6.0 SAMOA ISLANDS REGION
event name:   C200910192249A
time shift:           5.3000
half duration:        2.3000
latitude:           -15.3700
longitude:         -171.9600
depth:               32.5000
Mrr:           -9.020000E+24
Mtt:            5.680000E+24
Mpp:            3.340000E+24
Mrt:            1.340000E+24
Mrp:            3.720000E+24
Mtp:           -5.760000E+24
