 PDE 2008 12 24 09 11 34.30  -17.2900 -171.9100   9.0 6.0 6.0 TONGA ISLANDS REGION
event name:   C200812240911A
time shift:           4.6000
half duration:        2.4000
latitude:           -17.3100
longitude:         -171.5900
depth:               12.0000
Mrr:           -1.020000E+25
Mtt:           -1.880000E+24
Mpp:            1.210000E+25
Mrt:            1.130000E+24
Mrp:            6.700000E+23
Mtp:            1.310000E+24
