 PDE 2007 04 20 00 26 40.60   25.7200  125.0900  10.0 6.1 6.1 SOUTHWESTERN RYUKYU ISL., JAPAN
event name:   C200704200026A
time shift:           4.3000
half duration:        2.8000
latitude:            25.6100
longitude:          125.0500
depth:               12.0000
Mrr:           -1.360000E+25
Mtt:            1.860000E+25
Mpp:           -5.000000E+24
Mrt:            1.600000E+23
Mrp:            5.930000E+24
Mtp:            9.590000E+24
