 PDE 2008 01 14 13 38 37.00   10.4100   92.8700  43.0 5.8 5.9 ANDAMAN ISLANDS, INDIA REGION
event name:   C200801141338A
time shift:           3.5000
half duration:        2.0000
latitude:            10.3600
longitude:           92.7000
depth:               43.9000
Mrr:            5.420000E+24
Mtt:           -6.400000E+22
Mpp:           -5.360000E+24
Mrt:            1.510000E+24
Mrp:           -3.770000E+24
Mtp:            1.540000E+24
