 PDE 2007 07 29 04 54 36.70   53.6400  169.7000  25.7 5.9 5.9 KOMANDORSKIYE OSTROVA REGION
event name:   C200707290454A
time shift:           2.6000
half duration:        2.1000
latitude:            53.5700
longitude:          169.6500
depth:               37.0000
Mrr:            2.690000E+24
Mtt:           -6.200000E+24
Mpp:            3.510000E+24
Mrt:            4.050000E+24
Mrp:            3.820000E+24
Mtp:           -2.970000E+23
