 PDE 2008 03 15 14 43 25.80    2.7000   94.5900  20.1 6.0 6.0 OFF W COAST OF NORTHERN SUMATRA
event name:   C200803151443A
time shift:           4.1000
half duration:        2.5000
latitude:             2.4700
longitude:           94.5100
depth:               12.0000
Mrr:            1.220000E+25
Mtt:           -6.620000E+24
Mpp:           -5.550000E+24
Mrt:            2.940000E+24
Mrp:           -5.130000E+24
Mtp:            6.520000E+24
