 PDE 2005 01 15 13 47 05.10   -6.4600  105.2400  58.7 5.9 0.0 SUNDA STRAIT, INDONESIA
event name:   C200501151347A
time shift:           2.0000
half duration:        2.2000
latitude:            -6.6300
longitude:          105.2500
depth:               14.9000
Mrr:            1.010000E+24
Mtt:           -7.100000E+23
Mpp:           -3.000000E+23
Mrt:            8.980000E+24
Mrp:           -4.980000E+24
Mtp:            5.000000E+23
