 PDE 2007 04 20 02 23 34.00   25.6200  125.0400  11.1 6.0 5.9 SOUTHWESTERN RYUKYU ISL., JAPAN
event name:   C200704200223A
time shift:           3.7000
half duration:        2.3000
latitude:            25.6000
longitude:          125.0700
depth:               14.3000
Mrr:           -3.570000E+24
Mtt:            4.350000E+24
Mpp:           -7.800000E+23
Mrt:           -6.400000E+23
Mrp:            7.400000E+23
Mtp:            1.020000E+25
