 PDE 2005 11 14 21 38 51.40   38.1100  144.9000  11.0 7.0 6.8 OFF EAST COAST OF HONSHU, JAPAN
event name:   C200511142138A
time shift:           7.9000
half duration:        7.3000
latitude:            38.2200
longitude:          144.9700
depth:               18.0000
Mrr:           -3.490000E+26
Mtt:           -1.720000E+25
Mpp:            3.660000E+26
Mrt:           -5.950000E+25
Mrp:           -2.980000E+25
Mtp:            6.970000E+25
