 PDE 2009 08 05 00 17 58.80   24.2300  125.1000  25.0 6.1 6.2 SOUTHWESTERN RYUKYU ISL., JAPAN
event name:   C200908050018A
time shift:           2.6000
half duration:        2.8000
latitude:            24.1600
longitude:          125.2600
depth:               31.1000
Mrr:            9.780000E+24
Mtt:           -6.070000E+24
Mpp:           -3.710000E+24
Mrt:            8.570000E+24
Mrp:            1.330000E+25
Mtp:           -6.840000E+24
