 PDE 2006 12 26 15 19 45.20   48.3200  154.8400  10.0 6.0 5.9 KURIL ISLANDS
event name:   C200612261519A
time shift:           9.0000
half duration:        2.4000
latitude:            48.1900
longitude:          155.1700
depth:               37.7000
Mrr:            1.290000E+25
Mtt:           -5.930000E+24
Mpp:           -7.020000E+24
Mrt:            3.940000E+24
Mrp:            2.300000E+24
Mtp:           -4.210000E+24
