 PDE 2005 08 04 09 26 52.80   -3.6600  140.1800  40.0 5.8 5.6 IRIAN JAYA, INDONESIA
event name:   C200508040926A
time shift:           3.5000
half duration:        2.0000
latitude:            -3.5900
longitude:          140.3300
depth:               41.0000
Mrr:            5.470000E+24
Mtt:           -5.020000E+24
Mpp:           -4.500000E+23
Mrt:           -1.630000E+24
Mrp:            1.820000E+24
Mtp:            2.590000E+24
