 PDE 2005 03 25 01 04 53.00    5.4900   94.3700  39.0 5.8 5.7 NORTHERN SUMATRA, INDONESIA
event name:   C200503250104A
time shift:           2.2000
half duration:        2.0000
latitude:             5.3000
longitude:           94.2500
depth:               34.0000
Mrr:            4.680000E+24
Mtt:           -1.480000E+24
Mpp:           -3.200000E+24
Mrt:            3.590000E+24
Mrp:           -4.090000E+24
Mtp:            2.950000E+24
