 PDE 2008 01 22 10 49 21.80  -15.4200 -175.5900  10.0 6.1 6.1 TONGA ISLANDS
event name:   C200801221049A
time shift:           5.0000
half duration:        2.8000
latitude:           -15.2300
longitude:         -175.3100
depth:               13.6000
Mrr:           -1.320000E+24
Mtt:            1.430000E+25
Mpp:           -1.300000E+25
Mrt:            1.430000E+24
Mrp:           -2.200000E+23
Mtp:            1.280000E+25
