 PDE 2005 02 16 08 19 39.80    8.1100   93.9700   0.9 5.9 5.7 NICOBAR ISLANDS, INDIA REGION
event name:   C200502160819A
time shift:           5.8000
half duration:        2.1000
latitude:             8.1700
longitude:           94.2300
depth:               13.0000
Mrr:           -8.370000E+23
Mtt:           -1.900000E+24
Mpp:            2.740000E+24
Mrt:            6.260000E+23
Mrp:            7.850000E+23
Mtp:            7.450000E+24
