 PDE 2009 02 09 14 09 03.00   -6.5700  -81.1500  15.0 5.9 6.0 NEAR COAST OF NORTHERN PERU
event name:   C200902091409A
time shift:           0.3000
half duration:        2.1000
latitude:            -6.7900
longitude:          -81.5200
depth:               12.0000
Mrr:            3.760000E+24
Mtt:           -3.960000E+23
Mpp:           -3.370000E+24
Mrt:            1.950000E+24
Mrp:           -6.900000E+24
Mtp:            8.910000E+23
