 PDE 2006 12 22 19 50 44.60   10.6500   92.3600  24.0 6.2 6.3 ANDAMAN ISLANDS, INDIA REGION
event name:   C200612221950A
time shift:           4.4000
half duration:        2.2000
latitude:            10.7000
longitude:           92.1100
depth:               22.0000
Mrr:            9.960000E+24
Mtt:            4.900000E+23
Mpp:           -1.040000E+25
Mrt:            5.520000E+24
Mrp:           -1.930000E+25
Mtp:            2.740000E+24
