 PDE 2009 11 28 09 21 18.00  -29.2200 -177.0200  28.0 5.9 6.0 KERMADEC ISLANDS, NEW ZEALAND
event name:   C200911280921A
time shift:           3.5000
half duration:        2.3000
latitude:           -28.9900
longitude:         -176.7300
depth:               28.5000
Mrr:            9.800000E+24
Mtt:           -8.170000E+24
Mpp:           -1.630000E+24
Mrt:           -5.200000E+23
Mrp:            1.200000E+23
Mtp:            4.840000E+24
