 PDE 2006 05 04 11 25 26.00  -20.5800 -174.0400  11.0 5.9 6.0 TONGA ISLANDS
event name:   C200605041125B
time shift:           4.9000
half duration:        2.1000
latitude:           -20.6900
longitude:         -173.4700
depth:               17.7000
Mrr:           -1.720000E+24
Mtt:            1.400000E+24
Mpp:            3.190000E+23
Mrt:            9.830000E+23
Mrp:            7.260000E+24
Mtp:            2.110000E+24
