 PDE 2005 05 10 01 09 05.10   -6.2300  103.1400  17.0 6.3 6.4 SOUTHWEST OF SUMATRA, INDONESIA
event name:   C200505100109A
time shift:           3.8000
half duration:        3.4000
latitude:            -6.4700
longitude:          103.0400
depth:               12.0000
Mrr:            2.800000E+25
Mtt:           -1.960000E+25
Mpp:           -8.470000E+24
Mrt:            1.580000E+25
Mrp:           -1.500000E+24
Mtp:            1.300000E+25
