 PDE 2006 10 20 17 27 03.20   13.4900  121.5300  25.3 5.8 5.8 MINDORO, PHILIPPINES
event name:   C200610201727A
time shift:           2.2000
half duration:        2.0000
latitude:            13.5200
longitude:          121.5200
depth:               16.9000
Mrr:           -1.440000E+24
Mtt:            1.070000E+24
Mpp:            3.620000E+23
Mrt:           -1.140000E+24
Mrp:            8.720000E+23
Mtp:            6.810000E+24
