 PDE 2006 06 27 18 07 22.70    6.5000   92.7900  28.8 6.3 6.2 NICOBAR ISLANDS, INDIA REGION
event name:   C200606271807A
time shift:          10.4000
half duration:        3.3000
latitude:             6.3100
longitude:           92.5700
depth:               12.0000
Mrr:            2.420000E+25
Mtt:            4.300000E+23
Mpp:           -2.470000E+25
Mrt:            3.610000E+24
Mrp:           -1.780000E+25
Mtp:            7.500000E+24
