 PDE 2005 03 19 15 02 42.70  -20.4100 -174.3400  18.0 6.1 5.9 TONGA ISLANDS
event name:   C200503191502A
time shift:           5.6000
half duration:        2.7000
latitude:           -20.5500
longitude:         -173.6400
depth:               20.0000
Mrr:            1.260000E+25
Mtt:           -5.000000E+23
Mpp:           -1.210000E+25
Mrt:            4.210000E+24
Mrp:            7.820000E+24
Mtp:           -5.110000E+24
