 PDE 2007 09 26 04 43 17.60   -3.9200  -79.2100  99.8 5.9 5.9 NEAR COAST OF ECUADOR
event name:   C200709260443A
time shift:           2.2000
half duration:        2.2000
latitude:            -4.0600
longitude:          -79.4300
depth:              106.0000
Mrr:           -6.480000E+24
Mtt:           -2.910000E+24
Mpp:            9.390000E+24
Mrt:           -3.480000E+24
Mrp:            1.550000E+24
Mtp:           -3.350000E+24
