 PDE 2007 11 19 23 30 28.90  -22.7900  -70.7700  29.9 5.9 5.9 NEAR COAST OF NORTHERN CHILE
event name:   C200711192330A
time shift:           6.0000
half duration:        2.2000
latitude:           -22.8700
longitude:          -70.9400
depth:               18.5000
Mrr:            4.610000E+24
Mtt:            2.900000E+23
Mpp:           -4.900000E+24
Mrt:            1.040000E+24
Mrp:           -7.850000E+24
Mtp:            4.900000E+23
