 PDE 2009 11 17 15 37 42.30   52.1000 -131.5700  10.0 5.8 5.9 QUEEN CHARLOTTE ISLANDS REGION
event name:   C200911171537A
time shift:           2.9000
half duration:        2.0000
latitude:            51.7900
longitude:         -131.8500
depth:               20.0000
Mrr:            5.420000E+23
Mtt:           -3.170000E+24
Mpp:            2.630000E+24
Mrt:            5.290000E+23
Mrp:           -1.880000E+24
Mtp:            5.520000E+24
