 PDE 2007 01 22 04 33 18.90   -2.5000  136.3300  35.0 5.9 5.9 IRIAN JAYA REGION, INDONESIA
event name:   C200701220433A
time shift:           3.5000
half duration:        2.1000
latitude:            -2.4500
longitude:          136.4300
depth:               26.2000
Mrr:           -3.870000E+24
Mtt:            7.550000E+23
Mpp:            3.120000E+24
Mrt:           -4.000000E+24
Mrp:           -4.540000E+24
Mtp:            3.920000E+24
