 PDE 2005 02 19 00 04 43.60   -5.5600  122.1300  10.0 6.4 6.3 SULAWESI, INDONESIA
event name:   C200502190004A
time shift:           6.3000
half duration:        4.0000
latitude:            -5.5200
longitude:          122.2300
depth:               12.0000
Mrr:            4.280000E+25
Mtt:            1.230000E+25
Mpp:           -5.520000E+25
Mrt:            9.730000E+24
Mrp:           -3.570000E+24
Mtp:           -2.840000E+25
