 PDE 2009 02 12 18 54 28.20  -31.2300 -178.1100  23.8 5.8 5.9 KERMADEC ISLANDS REGION
event name:   C200902121854A
time shift:           3.5000
half duration:        2.0000
latitude:           -31.1400
longitude:         -177.6900
depth:               21.7000
Mrr:            4.620000E+24
Mtt:            2.320000E+23
Mpp:           -4.850000E+24
Mrt:            5.660000E+23
Mrp:            5.090000E+24
Mtp:           -7.480000E+23
