 PDE 2009 02 15 10 04 49.30   -5.8500  -80.8900  21.0 6.0 6.1 NEAR COAST OF NORTHERN PERU
event name:   C200902151004A
time shift:           2.5000
half duration:        2.6000
latitude:            -5.9900
longitude:          -81.2000
depth:               23.6000
Mrr:            9.400000E+24
Mtt:           -2.000000E+23
Mpp:           -9.200000E+24
Mrt:            2.580000E+24
Mrp:           -1.110000E+25
Mtp:            9.800000E+23
