 PDE 2006 06 21 12 34 52.70    6.9400   92.4500  16.0 6.0 5.9 NICOBAR ISLANDS, INDIA REGION
event name:   C200606211234A
time shift:           6.1000
half duration:        2.5000
latitude:             6.8300
longitude:           92.4600
depth:               12.0000
Mrr:            1.330000E+25
Mtt:           -2.200000E+24
Mpp:           -1.110000E+25
Mrt:           -2.600000E+23
Mrp:           -3.030000E+24
Mtp:            5.530000E+24
