 PDE 2007 11 20 17 55 54.50  -22.9200  -70.4800  35.0 6.1 6.1 NEAR COAST OF NORTHERN CHILE
event name:   C200711201756A
time shift:           2.9000
half duration:        2.7000
latitude:           -22.9100
longitude:          -70.9200
depth:               17.2000
Mrr:            6.860000E+24
Mtt:            5.000000E+23
Mpp:           -7.360000E+24
Mrt:            2.110000E+24
Mrp:           -1.510000E+25
Mtp:            4.900000E+23
