 PDE 2005 01 28 09 26 18.80   -1.1800  -81.5000  10.0 6.0 5.6 OFF COAST OF ECUADOR
event name:   C200501280926A
time shift:           3.4000
half duration:        2.4000
latitude:            -1.2200
longitude:          -81.3900
depth:               12.0000
Mrr:            7.860000E+24
Mtt:           -3.300000E+23
Mpp:           -7.520000E+24
Mrt:           -1.500000E+23
Mrp:           -9.290000E+24
Mtp:           -8.800000E+23
