 PDE 2006 02 26 04 18 42.10  -15.2800 -176.2400  32.5 6.0 5.9 FIJI ISLANDS REGION
event name:   C200602260418A
time shift:           2.2000
half duration:        2.3000
latitude:           -15.2000
longitude:         -175.9200
depth:               12.9000
Mrr:           -1.020000E+24
Mtt:            5.700000E+24
Mpp:           -4.670000E+24
Mrt:            1.900000E+23
Mrp:           -1.900000E+23
Mtp:            9.760000E+24
