 PDE 2005 01 24 23 23 26.10   -1.3600  -80.7900  16.9 6.1 5.7 NEAR COAST OF ECUADOR
event name:   C200501242323A
time shift:           4.7000
half duration:        2.7000
latitude:            -1.5300
longitude:          -80.9500
depth:               16.0000
Mrr:            8.550000E+24
Mtt:            5.200000E+23
Mpp:           -9.070000E+24
Mrt:            1.100000E+24
Mrp:           -1.520000E+25
Mtp:           -2.000000E+23
