 PDE 2005 08 09 14 12 21.20  -21.1000  173.8700  35.0 6.1 5.9 VANUATU ISLANDS REGION
event name:   C200508091412A
time shift:           2.0000
half duration:        2.6000
latitude:           -21.0800
longitude:          173.9200
depth:               15.0000
Mrr:           -6.300000E+23
Mtt:           -9.890000E+24
Mpp:            1.050000E+25
Mrt:            2.100000E+23
Mrp:            1.870000E+24
Mtp:           -1.190000E+25
