 PDE 2005 03 31 01 39 06.10  -18.5500  176.0100  10.0 5.9 5.8 FIJI ISLANDS REGION
event name:   C200503310139A
time shift:           6.6000
half duration:        2.3000
latitude:           -18.5200
longitude:          176.0900
depth:               12.0000
Mrr:           -9.570000E+24
Mtt:            1.540000E+24
Mpp:            8.030000E+24
Mrt:           -1.930000E+24
Mrp:           -2.210000E+24
Mtp:            4.160000E+24
