 PDE 2009 11 26 19 08 10.70   13.4400  -89.8400  56.8 6.0 5.9 EL SALVADOR
event name:   C200911261908A
time shift:           1.4000
half duration:        2.3000
latitude:            13.2900
longitude:          -90.4000
depth:               39.7000
Mrr:           -3.460000E+24
Mtt:           -2.050000E+24
Mpp:            5.510000E+24
Mrt:            7.940000E+24
Mrp:           -2.650000E+24
Mtp:           -3.980000E+24
