 PDE 2006 09 01 12 04 22.20   53.9700 -166.3900  75.6 5.9 5.9 FOX ISLANDS, ALEUTIAN ISLANDS
event name:   C200609011204A
time shift:           3.2000
half duration:        2.1000
latitude:            53.8800
longitude:         -166.1600
depth:               75.7000
Mrr:            2.010000E+24
Mtt:           -4.480000E+24
Mpp:            2.460000E+24
Mrt:           -6.610000E+24
Mrp:           -1.800000E+24
Mtp:            2.880000E+24
