 PDE 2006 12 03 20 52 15.90   13.9900  -91.2100  61.2 6.0 5.9 NEAR COAST OF GUATEMALA
event name:   C200612032052A
time shift:           0.1000
half duration:        2.4000
latitude:            13.9000
longitude:          -91.7700
depth:               46.7000
Mrr:           -5.770000E+24
Mtt:            2.600000E+24
Mpp:            3.170000E+24
Mrt:            6.850000E+24
Mrp:           -6.590000E+24
Mtp:           -4.030000E+24
