 PDE 2009 04 04 07 19 41.70  -62.6000  155.1200  10.0 5.9 5.9 BALLENY ISLANDS REGION
event name:   C200904040719A
time shift:           4.5000
half duration:        2.2000
latitude:           -62.4900
longitude:          155.2300
depth:               12.0000
Mrr:           -6.400000E+23
Mtt:            7.880000E+24
Mpp:           -7.240000E+24
Mrt:           -4.900000E+23
Mrp:           -3.000000E+23
Mtp:           -5.660000E+24
