 PDE 2008 10 09 17 49 58.60  -21.0300 -174.4200  10.0 5.9 5.9 TONGA ISLANDS
event name:   C200810091750A
time shift:           5.7000
half duration:        2.1000
latitude:           -21.2200
longitude:         -173.8100
depth:               18.2000
Mrr:            6.280000E+24
Mtt:           -2.700000E+23
Mpp:           -6.010000E+24
Mrt:            2.040000E+24
Mrp:            3.960000E+24
Mtp:           -2.210000E+24
