 PDE 2005 12 07 23 32 51.50  -30.0100 -177.6400  21.0 6.4 6.4 KERMADEC ISLANDS, NEW ZEALAND
event name:   C200512072332A
time shift:           5.3000
half duration:        3.8000
latitude:           -29.9900
longitude:         -177.1200
depth:               20.0000
Mrr:            3.230000E+25
Mtt:            8.200000E+23
Mpp:           -3.320000E+25
Mrt:            1.260000E+25
Mrp:            3.400000E+25
Mtp:           -9.670000E+24
