 PDE 2006 10 20 14 31 00.20   13.4300  121.4700  22.7 5.8 5.8 MINDORO, PHILIPPINES
event name:   C200610201431A
time shift:           2.8000
half duration:        2.0000
latitude:            13.5500
longitude:          121.6000
depth:               16.2000
Mrr:           -3.190000E+24
Mtt:            3.820000E+24
Mpp:           -6.300000E+23
Mrt:           -3.490000E+24
Mrp:            8.510000E+23
Mtp:            4.240000E+24
