 PDE 2006 07 17 11 07 36.50   -9.5100  107.6500  35.2 5.9 5.8 SOUTH OF JAVA, INDONESIA
event name:   C200607171107A
time shift:           1.3000
half duration:        2.1000
latitude:            -9.7300
longitude:          107.4900
depth:               16.3000
Mrr:           -7.940000E+24
Mtt:            6.000000E+24
Mpp:            1.940000E+24
Mrt:            5.900000E+23
Mrp:            3.230000E+24
Mtp:           -1.730000E+24
