 PDE 2007 03 18 02 11 05.50    4.5900  -78.5000   8.0 6.2 6.2 SOUTH OF PANAMA
event name:   C200703180211A
time shift:           6.0000
half duration:        3.2000
latitude:             4.6900
longitude:          -78.5300
depth:               12.0000
Mrr:           -2.460000E+25
Mtt:            4.460000E+24
Mpp:            2.020000E+25
Mrt:           -1.470000E+24
Mrp:            1.100000E+25
Mtp:            1.010000E+25
