 PDE 2008 11 06 09 11 06.00  -29.8500 -177.4400  19.4 5.9 5.9 KERMADEC ISLANDS, NEW ZEALAND
event name:   C200811060911A
time shift:           3.7000
half duration:        2.1000
latitude:           -29.6600
longitude:         -176.9500
depth:               22.0000
Mrr:            6.230000E+24
Mtt:           -1.100000E+23
Mpp:           -6.120000E+24
Mrt:            1.010000E+24
Mrp:            5.420000E+24
Mtp:           -1.930000E+24
