 PDE 2007 04 27 08 02 49.70    5.3600   94.6400  38.0 5.9 5.9 NORTHERN SUMATRA, INDONESIA
event name:   C200704270802A
time shift:           2.5000
half duration:        2.2000
latitude:             5.0900
longitude:           94.4300
depth:               49.2000
Mrr:            6.210000E+24
Mtt:           -3.020000E+24
Mpp:           -3.180000E+24
Mrt:            4.150000E+24
Mrp:           -3.710000E+24
Mtp:            3.800000E+24
