 PDE 2005 05 04 08 57 01.00  -19.4100 -173.8300  22.8 5.9 5.5 TONGA ISLANDS
event name:   C200505040857A
time shift:           5.0000
half duration:        2.1000
latitude:           -19.4600
longitude:         -173.3100
depth:               15.0000
Mrr:            5.020000E+24
Mtt:            5.340000E+23
Mpp:           -5.550000E+24
Mrt:            2.500000E+24
Mrp:            5.250000E+24
Mtp:           -1.340000E+24
