 PDE 2008 06 27 13 07 08.20   10.8900   91.7800  17.0 5.9 5.8 ANDAMAN ISLANDS, INDIA REGION
event name:   C200806271307A
time shift:           6.5000
half duration:        2.1000
latitude:            11.0900
longitude:           91.9500
depth:               12.1000
Mrr:           -4.980000E+24
Mtt:           -6.000000E+23
Mpp:            5.580000E+24
Mrt:            3.120000E+24
Mrp:           -5.820000E+24
Mtp:            1.500000E+24
