 PDE 2007 09 10 01 49 14.20    2.9800  -77.9700  31.0 6.8 6.8 NEAR WEST COAST OF COLOMBIA
event name:   C200709100149A
time shift:           6.9000
half duration:        5.8000
latitude:             3.0800
longitude:          -78.1200
depth:               18.9000
Mrr:           -1.130000E+26
Mtt:            8.390000E+25
Mpp:            2.940000E+25
Mrt:            1.010000E+26
Mrp:            5.800000E+25
Mtp:            6.180000E+25
