 PDE 2007 11 17 17 54 32.80  -23.0600  -70.6000  14.7 5.8 5.8 NEAR COAST OF NORTHERN CHILE
event name:   C200711171754A
time shift:           5.1000
half duration:        1.6000
latitude:           -23.0600
longitude:          -70.9200
depth:               15.0000
Mrr:            5.040000E+23
Mtt:            1.840000E+24
Mpp:           -2.350000E+24
Mrt:           -1.810000E+23
Mrp:           -7.250000E+24
Mtp:            1.070000E+24
