 PDE 2007 06 26 22 23 03.00  -10.4900  108.1500  10.0 6.0 6.0 SOUTH OF JAVA, INDONESIA
event name:   C200706262223A
time shift:           4.8000
half duration:        2.4000
latitude:           -10.6500
longitude:          108.1200
depth:               17.2000
Mrr:           -8.400000E+24
Mtt:            1.370000E+25
Mpp:           -5.250000E+24
Mrt:            3.730000E+24
Mrp:            6.600000E+23
Mtp:           -4.670000E+24
