 PDE 2005 05 18 11 37 29.90    5.5900   93.2700   9.7 6.1 0.0 OFF W COAST OF NORTHERN SUMATRA
event name:   C200505181137A
time shift:           5.7000
half duration:        2.7000
latitude:             5.5800
longitude:           93.2100
depth:               36.7000
Mrr:            1.680000E+24
Mtt:           -8.560000E+24
Mpp:            6.870000E+24
Mrt:           -6.180000E+24
Mrp:            2.730000E+24
Mtp:           -1.410000E+25
