 PDE 2007 07 31 15 07 35.30   27.3400  126.9000  10.0 5.9 5.9 NORTHWEST OF RYUKYU ISLANDS
event name:   C200707311507A
time shift:           3.6000
half duration:        2.1000
latitude:            27.2700
longitude:          126.8100
depth:               12.0000
Mrr:           -1.830000E+24
Mtt:            2.130000E+24
Mpp:           -2.990000E+23
Mrt:            2.270000E+24
Mrp:            1.140000E+24
Mtp:            8.010000E+24
