 PDE 2007 07 06 01 09 19.00   16.3500  -93.9900 113.0 6.0 6.0 CHIAPAS, MEXICO
event name:   C200707060109A
time shift:           2.6000
half duration:        2.6000
latitude:            16.4800
longitude:          -93.8900
depth:              113.7000
Mrr:           -6.480000E+24
Mtt:            2.400000E+23
Mpp:            6.230000E+24
Mrt:            8.970000E+24
Mrp:           -8.480000E+24
Mtp:           -6.100000E+24
