 PDE 2007 01 13 17 37 06.30   46.9100  156.2800  10.0 6.0 6.0 EAST OF KURIL ISLANDS
event name:   C200701131737A
time shift:           5.5000
half duration:        2.4000
latitude:            47.0300
longitude:          156.3900
depth:               28.0000
Mrr:           -6.930000E+24
Mtt:            1.170000E+25
Mpp:           -4.760000E+24
Mrt:           -1.890000E+24
Mrp:           -6.120000E+24
Mtp:            5.700000E+23
