 PDE 2005 01 02 15 35 56.70    6.3600   92.7900  30.0 6.3 6.2 NICOBAR ISLANDS, INDIA REGION
event name:   C200501021535A
time shift:           8.7000
half duration:        3.7000
latitude:             6.2600
longitude:           92.5700
depth:               13.0000
Mrr:            3.200000E+25
Mtt:           -1.180000E+24
Mpp:           -3.090000E+25
Mrt:            7.290000E+24
Mrp:           -2.450000E+25
Mtp:            1.230000E+25
