 PDE 2005 12 03 16 10 42.40   29.3400  130.2600  47.9 5.9 5.7 RYUKYU ISLANDS, JAPAN
event name:   C200512031610A
time shift:           0.7000
half duration:        2.3000
latitude:            29.1400
longitude:          130.6400
depth:               33.0000
Mrr:            7.160000E+24
Mtt:           -1.910000E+24
Mpp:           -5.250000E+24
Mrt:            4.540000E+24
Mrp:            4.590000E+24
Mtp:           -4.070000E+24
