 PDE 2007 08 02 02 37 42.40   47.1200  141.8000   5.0 6.2 6.2 SAKHALIN, RUSSIA
event name:   C200708020237A
time shift:           8.7000
half duration:        3.0000
latitude:            46.8400
longitude:          141.8200
depth:               12.0000
Mrr:            2.310000E+25
Mtt:            3.900000E+23
Mpp:           -2.350000E+25
Mrt:           -3.500000E+23
Mrp:           -2.380000E+24
Mtp:           -1.520000E+24
