 PDE 2006 11 30 11 33 17.00  -21.3000 -174.6800  13.5 6.0 6.1 TONGA ISLANDS
event name:   C200611301133A
time shift:           4.7000
half duration:        2.4000
latitude:           -21.5800
longitude:         -173.6000
depth:               12.0000
Mrr:            9.000000E+24
Mtt:           -1.780000E+24
Mpp:           -7.220000E+24
Mrt:            3.220000E+24
Mrp:            6.820000E+24
Mtp:           -3.900000E+24
