 PDE 2005 01 23 20 10 17.20   -1.2500  119.9200  48.0 6.2 5.9 SULAWESI, INDONESIA
event name:   C200501232010A
time shift:           2.2000
half duration:        3.2000
latitude:            -1.0100
longitude:          120.0800
depth:               12.0000
Mrr:           -1.900000E+25
Mtt:            2.130000E+25
Mpp:           -2.270000E+24
Mrt:            5.060000E+24
Mrp:           -1.100000E+25
Mtp:           -1.620000E+25
