 PDE 2005 01 17 10 50 32.60   10.9900  140.6800  12.0 6.0 5.9 W. CAROLINE ISLANDS, MICRONESIA
event name:   C200501171050A
time shift:           4.9000
half duration:        2.6000
latitude:            10.8900
longitude:          140.7500
depth:               13.0000
Mrr:           -1.260000E+25
Mtt:            1.340000E+25
Mpp:           -7.800000E+23
Mrt:            6.970000E+24
Mrp:           -1.400000E+23
Mtp:           -3.130000E+24
