 PDE 2006 10 17 04 02 37.30  -21.0400  -68.2800 140.7 5.9 5.9 CHILE-BOLIVIA BORDER REGION
event name:   C200610170402A
time shift:           7.2000
half duration:        2.2000
latitude:           -21.0900
longitude:          -68.4700
depth:              149.9000
Mrr:           -2.550000E+24
Mtt:            3.420000E+24
Mpp:           -8.600000E+23
Mrt:            2.730000E+24
Mrp:            2.410000E+24
Mtp:           -8.530000E+24
