 PDE 2006 11 17 18 03 12.30   28.5900  129.9000  22.0 6.2 6.2 RYUKYU ISLANDS, JAPAN
event name:   C200611171803A
time shift:           6.7000
half duration:        2.9000
latitude:            28.3700
longitude:          130.2200
depth:               30.5000
Mrr:            1.500000E+25
Mtt:           -4.330000E+24
Mpp:           -1.070000E+25
Mrt:            1.100000E+25
Mrp:            1.080000E+25
Mtp:           -8.020000E+24
