 PDE 2005 07 30 15 13 20.10    5.1800   94.4800  38.0 5.8 5.2 NORTHERN SUMATRA, INDONESIA
event name:   C200507301513A
time shift:           3.3000
half duration:        1.9000
latitude:             5.1600
longitude:           94.3200
depth:               31.0000
Mrr:            2.730000E+24
Mtt:           -1.620000E+23
Mpp:           -2.570000E+24
Mrt:            4.310000E+24
Mrp:           -3.510000E+24
Mtp:            1.570000E+24
