 PDE 2009 08 13 09 37 35.30    7.9500  -85.6300  10.0 5.8 5.8 OFF COAST OF COSTA RICA
event name:   C200908130937A
time shift:           3.6000
half duration:        2.0000
latitude:             7.8400
longitude:          -85.8300
depth:               26.6000
Mrr:            8.000000E+22
Mtt:            2.270000E+24
Mpp:           -2.350000E+24
Mrt:            1.420000E+23
Mrp:           -1.180000E+24
Mtp:            5.990000E+24
