 PDE 2007 03 17 22 43 09.60    4.5500  -78.5400  10.0 6.0 6.0 SOUTH OF PANAMA
event name:   C200703172243A
time shift:           6.1000
half duration:        2.5000
latitude:             4.6100
longitude:          -78.5300
depth:               13.1000
Mrr:           -1.120000E+25
Mtt:            4.480000E+24
Mpp:            6.700000E+24
Mrt:            2.900000E+23
Mrp:            5.060000E+24
Mtp:            6.510000E+24
