 PDE 2007 02 24 02 36 23.60   -7.0100  -80.4900  23.0 6.3 6.4 OFF COAST OF NORTHERN PERU
event name:   C200702240236A
time shift:           4.5000
half duration:        3.6000
latitude:            -7.0300
longitude:          -80.7100
depth:               24.3000
Mrr:            2.110000E+25
Mtt:           -2.510000E+24
Mpp:           -1.860000E+25
Mrt:            6.920000E+24
Mrp:           -3.420000E+25
Mtp:            6.850000E+24
