 PDE 2010 11 03 23 34 42.70  -20.4700 -174.2800  19.2 6.1 6.1 TONGA ISLANDS
event name:   C201011032334A
time shift:           4.6000
half duration:        2.7000
latitude:           -20.5900
longitude:         -173.6600
depth:               20.3000
Mrr:            1.330000E+25
Mtt:           -3.900000E+23
Mpp:           -1.290000E+25
Mrt:            3.720000E+24
Mrp:            8.200000E+24
Mtp:           -5.510000E+24
