 PDE 2016 07 13 12 18 33.40  -28.1100 -176.5300  10.0 5.9 5.9 KERMADEC ISLANDS REGION
event name:   C201607131218A
time shift:           6.0000
half duration:        2.2000
latitude:           -28.0700
longitude:         -176.1500
depth:               22.4000
Mrr:            7.900000E+24
Mtt:           -9.100000E+23
Mpp:           -6.990000E+24
Mrt:            3.100000E+23
Mrp:            5.010000E+24
Mtp:           -1.310000E+24
