 PDE 2019 06 19 17 24 48.80   -2.2700  138.4600  10.0 6.3 6.3 IRIAN JAYA, INDONESIA
event name:   C201906191724A
time shift:           7.8000
half duration:        3.3000
latitude:            -2.1700
longitude:          138.5300
depth:               13.4000
Mrr:            1.830000E+24
Mtt:            3.000000E+25
Mpp:           -3.180000E+25
Mrt:           -5.600000E+23
Mrp:           -2.230000E+24
Mtp:            7.760000E+24
