 PDE 2010 01 27 18 49 33.60   13.6400  125.4900  29.1 5.9 5.9 PHILIPPINE ISLANDS REGION
event name:   C201001271849A
time shift:          -0.7000
half duration:        2.1000
latitude:            13.7400
longitude:          125.5300
depth:               18.5000
Mrr:           -1.620000E+24
Mtt:            1.740000E+24
Mpp:           -1.250000E+23
Mrt:           -5.040000E+23
Mrp:           -1.230000E+23
Mtp:           -8.080000E+24
