 PDE 2017 06 24 16 09 14.30  -15.4100  -73.3900  97.0 5.8 5.7 SOUTHERN PERU
event name:   C201706241609A
time shift:           3.2000
half duration:        2.0000
latitude:           -15.5800
longitude:          -73.4200
depth:              109.3000
Mrr:           -3.210000E+24
Mtt:           -2.950000E+24
Mpp:            6.150000E+24
Mrt:            2.700000E+24
Mrp:           -5.950000E+23
Mtp:            2.610000E+24
