 PDE 2010 03 16 03 04 40.00  -36.4000  -73.0700  42.3 5.9 0.0 NEAR COAST OF CENTRAL CHILE
event name:   C201003160304A
time shift:          -0.3000
half duration:        2.1000
latitude:           -36.6800
longitude:          -73.7600
depth:               17.2000
Mrr:            3.730000E+24
Mtt:           -9.100000E+22
Mpp:           -3.640000E+24
Mrt:            5.930000E+23
Mrp:           -7.350000E+24
Mtp:           -5.580000E+23
