 PDE 2011 02 13 10 35 06.70  -36.6500  -73.1800  17.0 5.9 6.0 NEAR COAST OF CENTRAL CHILE
event name:   C201102131035A
time shift:           3.7000
half duration:        2.3000
latitude:           -36.8300
longitude:          -73.7400
depth:               14.1000
Mrr:            5.750000E+24
Mtt:            4.000000E+22
Mpp:           -5.800000E+24
Mrt:           -4.800000E+23
Mrp:           -8.040000E+24
Mtp:           -8.200000E+23
