 PDE 2018 09 23 05 52 15.20   12.2200  146.2400  32.0 5.9 5.8 SOUTH OF MARIANA ISLANDS
event name:   C201809230552A
time shift:           2.8000
half duration:        2.1000
latitude:            12.1800
longitude:          146.2800
depth:               47.0000
Mrr:            3.620000E+24
Mtt:           -2.820000E+24
Mpp:           -8.010000E+23
Mrt:           -3.930000E+23
Mrp:           -4.870000E+24
Mtp:            6.200000E+24
