 PDE 2010 03 15 11 08 29.00  -35.8000  -73.1600  14.0 6.2 6.2 OFF COAST OF CENTRAL CHILE
event name:   C201003151108A
time shift:           5.1000
half duration:        3.0000
latitude:           -35.9600
longitude:          -73.8500
depth:               12.0000
Mrr:            1.150000E+25
Mtt:           -3.200000E+23
Mpp:           -1.120000E+25
Mrt:           -2.450000E+24
Mrp:           -2.110000E+25
Mtp:           -2.860000E+24
