 PDE 2011 01 17 19 20 57.20   -5.0300  102.6500  36.0 6.0 6.0 SOUTHERN SUMATRA, INDONESIA
event name:   C201101171920A
time shift:           2.7000
half duration:        2.4000
latitude:            -5.3700
longitude:          102.4500
depth:               35.4000
Mrr:            8.440000E+24
Mtt:           -5.380000E+24
Mpp:           -3.060000E+24
Mrt:            7.510000E+24
Mrp:           -4.990000E+24
Mtp:            4.260000E+24
