 PDE 2018 01 25 02 10 34.80   55.5400  166.4500  11.1 6.2 6.2 KOMANDORSKIYE OSTROVA REGION
event name:   C201801250210A
time shift:           3.8000
half duration:        3.2000
latitude:            55.5400
longitude:          166.5000
depth:               12.0000
Mrr:            8.560000E+24
Mtt:           -2.310000E+25
Mpp:            1.450000E+25
Mrt:           -1.420000E+25
Mrp:           -2.110000E+24
Mtp:           -1.530000E+25
