 PDE 2018 02 28 02 45 45.40   -6.1700  142.4700  16.0 6.2 6.1 NEW GUINEA, PAPUA NEW GUINEA
event name:   C201802280245A
time shift:           5.3000
half duration:        3.0000
latitude:            -6.2500
longitude:          142.4000
depth:               12.0000
Mrr:            9.200000E+24
Mtt:           -9.060000E+24
Mpp:           -1.400000E+23
Mrt:            1.410000E+25
Mrp:           -1.570000E+25
Mtp:            6.420000E+24
