 PDE 2012 08 08 10 57 44.30  -16.0200  178.0600  13.0 5.9 5.9 FIJI ISLANDS
event name:   C201208081057A
time shift:           7.8000
half duration:        2.2000
latitude:           -16.0500
longitude:          178.1500
depth:               13.9000
Mrr:           -2.930000E+24
Mtt:           -4.000000E+24
Mpp:            6.920000E+24
Mrt:            3.900000E+23
Mrp:           -1.200000E+24
Mtp:            7.430000E+24
