 PDE 2013 12 23 09 12 27.10   12.7700  143.0400  92.0 5.8 5.8 SOUTH OF MARIANA ISLANDS
event name:   C201312230912A
time shift:           3.1000
half duration:        2.0000
latitude:            12.6100
longitude:          143.0200
depth:              101.2000
Mrr:           -3.840000E+24
Mtt:            4.530000E+24
Mpp:           -6.940000E+23
Mrt:           -4.430000E+24
Mrp:           -2.660000E+24
Mtp:           -2.490000E+24
