 PDE 2017 04 28 16 05 57.00  -33.1300  -71.7900  27.0 5.9 5.8 NEAR COAST OF CENTRAL CHILE
event name:   C201704281605A
time shift:           3.3000
half duration:        2.2000
latitude:           -33.3000
longitude:          -71.8300
depth:               30.5000
Mrr:            5.780000E+24
Mtt:           -2.500000E+23
Mpp:           -5.530000E+24
Mrt:            8.200000E+23
Mrp:           -7.660000E+24
Mtp:            1.790000E+24
