 PDE 2016 11 04 16 20 44.40  -35.1000  -71.0500  90.0 6.3 6.3 CENTRAL CHILE
event name:   C201611041620A
time shift:           5.5000
half duration:        3.5000
latitude:           -35.0600
longitude:          -70.9800
depth:               96.2000
Mrr:           -2.270000E+25
Mtt:           -4.870000E+24
Mpp:            2.750000E+25
Mrt:           -1.740000E+25
Mrp:           -2.120000E+25
Mtp:            1.010000E+25
