 PDE 2018 02 11 23 14 15.10   13.8200  146.4400  10.0 6.0 6.0 SOUTH OF MARIANA ISLANDS
event name:   C201802112314A
time shift:           5.0000
half duration:        2.4000
latitude:            13.6600
longitude:          146.6500
depth:               18.2000
Mrr:           -4.680000E+24
Mtt:           -3.220000E+24
Mpp:            7.900000E+24
Mrt:            6.450000E+24
Mrp:            4.480000E+24
Mtp:            5.630000E+24
