 PDE 2016 07 11 02 01 09.90    0.5900  -79.6400  17.0 5.9 5.9 NEAR COAST OF ECUADOR
event name:   C201607110201A
time shift:           2.9000
half duration:        2.2000
latitude:             0.4800
longitude:          -80.0600
depth:               34.0000
Mrr:            6.070000E+24
Mtt:            4.200000E+23
Mpp:           -6.490000E+24
Mrt:            1.040000E+24
Mrp:           -7.310000E+24
Mtp:           -1.050000E+24
