 PDE 2016 02 22 06 36 59.40  -30.4200  -72.3000  12.0 6.0 6.0 OFF COAST OF CENTRAL CHILE
event name:   C201602220637A
time shift:           9.4000
half duration:        2.5000
latitude:           -30.5600
longitude:          -72.2600
depth:               12.2000
Mrr:            9.720000E+24
Mtt:            2.400000E+23
Mpp:           -9.950000E+24
Mrt:            8.000000E+22
Mrp:           -9.510000E+24
Mtp:            1.000000E+23
