 PDE 2015 09 17 04 10 27.80  -31.5200  -71.8100  23.0 6.8 6.7 NEAR COAST OF CENTRAL CHILE
event name:   C201509170410A
time shift:           8.5000
half duration:        5.9000
latitude:           -31.6500
longitude:          -71.9400
depth:               36.6000
Mrr:            1.610000E+26
Mtt:           -2.440000E+25
Mpp:           -1.370000E+26
Mrt:            1.950000E+25
Mrp:           -8.650000E+25
Mtp:            1.470000E+25
