 PDE 2010 11 03 11 18 15.60   -4.6200  134.0700  10.0 6.0 6.0 IRIAN JAYA REGION, INDONESIA
event name:   C201011031118A
time shift:           3.6000
half duration:        2.4000
latitude:            -4.5800
longitude:          134.1200
depth:               15.0000
Mrr:           -8.300000E+23
Mtt:           -1.020000E+25
Mpp:            1.100000E+25
Mrt:            2.160000E+24
Mrp:            1.350000E+24
Mtp:            3.380000E+24
