 PDE 2010 01 02 08 45 32.00   12.4200  141.9600   2.0 6.0 6.1 SOUTH OF MARIANA ISLANDS
event name:   C201001020845A
time shift:           6.8000
half duration:        2.5000
latitude:            12.3200
longitude:          141.7700
depth:               12.0000
Mrr:           -1.140000E+25
Mtt:            1.120000E+25
Mpp:            3.000000E+23
Mrt:            6.460000E+24
Mrp:            3.120000E+24
Mtp:            4.410000E+24
