 PDE 2010 04 23 10 03 06.20  -37.5400  -72.8900  32.0 6.0 6.0 CENTRAL CHILE
event name:   C201004231003A
time shift:           3.7000
half duration:        2.4000
latitude:           -37.6900
longitude:          -73.3200
depth:               29.5000
Mrr:            3.500000E+24
Mtt:            5.700000E+23
Mpp:           -4.070000E+24
Mrt:            8.570000E+24
Mrp:           -8.050000E+24
Mtp:            2.050000E+24
