 PDE 2016 11 08 04 55 45.90  -36.5800  -73.5600  20.0 6.0 6.0 NEAR COAST OF CENTRAL CHILE
event name:   C201611080455A
time shift:           4.1000
half duration:        2.4000
latitude:           -36.6600
longitude:          -73.7100
depth:               20.0000
Mrr:            6.320000E+24
Mtt:            2.300000E+23
Mpp:           -6.550000E+24
Mrt:           -3.300000E+23
Mrp:           -9.520000E+24
Mtp:           -5.900000E+23
