 PDE 2019 08 27 23 55 19.20  -60.2200  -26.5800  16.0 6.6 6.6 SOUTH SANDWICH ISLANDS REGION
event name:   C201908272355A
time shift:           6.8000
half duration:        4.7000
latitude:           -60.5400
longitude:          -25.8200
depth:               28.6000
Mrr:            9.100000E+24
Mtt:           -5.090000E+25
Mpp:            4.180000E+25
Mrt:            3.320000E+25
Mrp:            3.690000E+25
Mtp:            5.860000E+25
