 PDE 2012 11 11 22 14 59.20   14.1300  -92.1600  20.0 6.4 6.5 NEAR COAST OF CHIAPAS, MEXICO
event name:   C201211112215A
time shift:           7.0000
half duration:        4.0000
latitude:            13.9400
longitude:          -92.6800
depth:               12.0000
Mrr:            3.300000E+25
Mtt:           -3.040000E+25
Mpp:           -2.510000E+24
Mrt:            3.660000E+25
Mrp:           -2.210000E+25
Mtp:            1.240000E+25
