 PDE 2019 09 27 15 11 29.90  -35.9200 -102.7800  10.0 5.9 5.9 SOUTHEAST OF EASTER ISLAND
event name:   C201909271511A
time shift:           2.7000
half duration:        2.2000
latitude:           -35.9600
longitude:         -103.0000
depth:               17.0000
Mrr:           -9.350000E+23
Mtt:           -1.570000E+24
Mpp:            2.510000E+24
Mrt:            5.200000E+23
Mrp:           -2.250000E+24
Mtp:           -8.670000E+24
