 PDE 2019 03 31 07 04 04.80   -1.9500  -80.8100  18.0 6.2 6.2 NEAR COAST OF ECUADOR
event name:   C201903310704A
time shift:           2.4000
half duration:        3.2000
latitude:            -1.9900
longitude:          -81.0500
depth:               16.1000
Mrr:            1.420000E+25
Mtt:           -2.000000E+23
Mpp:           -1.400000E+25
Mrt:            2.120000E+24
Mrp:           -2.450000E+25
Mtp:            1.700000E+24
