 PDE 2017 04 08 07 09 23.20   13.7700  120.9300  14.3 5.9 5.9 MINDORO, PHILIPPINES
event name:   C201704080708A
time shift:           1.8000
half duration:        2.3000
latitude:            13.7500
longitude:          120.9600
depth:               16.1000
Mrr:           -1.850000E+24
Mtt:           -9.190000E+24
Mpp:            1.100000E+25
Mrt:            8.000000E+22
Mrp:            1.540000E+24
Mtp:           -4.500000E+23
