 PDE 2019 01 30 15 31 33.40   -4.6300 -105.4800  10.0 5.9 5.9 CENTRAL EAST PACIFIC RISE
event name:   C201901301531A
time shift:           4.0000
half duration:        2.2000
latitude:            -4.5400
longitude:         -105.5900
depth:               12.0000
Mrr:            9.100000E+22
Mtt:            2.660000E+24
Mpp:           -2.750000E+24
Mrt:            5.900000E+22
Mrp:            1.920000E+24
Mtp:            8.660000E+24
