 PDE 2018 10 10 18 44 55.30   -7.4500  114.4600   9.0 6.0 6.0 BALI SEA
event name:   C201810101844A
time shift:           3.7000
half duration:        2.4000
latitude:            -7.4500
longitude:          114.4800
depth:               13.5000
Mrr:            1.020000E+25
Mtt:           -8.890000E+24
Mpp:           -1.350000E+24
Mrt:           -2.030000E+24
Mrp:            2.520000E+24
Mtp:            4.870000E+24
