 PDE 2012 07 21 06 11 57.90  -19.1900  173.7900  10.0 5.9 5.9 VANUATU ISLANDS REGION
event name:   C201207210612A
time shift:           5.2000
half duration:        2.2000
latitude:           -19.2200
longitude:          173.8300
depth:               15.0000
Mrr:            2.200000E+23
Mtt:           -6.770000E+24
Mpp:            6.550000E+24
Mrt:            1.600000E+24
Mrp:            2.960000E+24
Mtp:           -5.200000E+24
