 PDE 2016 10 21 05 07 23.00   35.3700  133.8100   5.6 6.2 6.2 WESTERN HONSHU, JAPAN
event name:   C201610210507B
time shift:           4.0000
half duration:        3.2000
latitude:            35.4000
longitude:          133.7200
depth:               16.2000
Mrr:           -1.940000E+24
Mtt:            1.940000E+25
Mpp:           -1.740000E+25
Mrt:           -1.530000E+24
Mrp:           -8.620000E+24
Mtp:           -2.070000E+25
