 PDE 2017 06 30 22 29 45.10   -0.2800  -80.4900  13.0 6.0 6.0 NEAR COAST OF ECUADOR
event name:   C201706302229A
time shift:           2.3000
half duration:        2.5000
latitude:            -0.3600
longitude:          -80.7300
depth:               13.9000
Mrr:            7.070000E+24
Mtt:            3.100000E+23
Mpp:           -7.370000E+24
Mrt:            3.000000E+22
Mrp:           -1.060000E+25
Mtp:           -1.320000E+24
