 PDE 2016 07 13 12 11 12.80  -28.0000 -176.4400  12.0 6.4 6.3 KERMADEC ISLANDS REGION
event name:   C201607131211A
time shift:           4.7000
half duration:        3.7000
latitude:           -28.0500
longitude:         -176.2700
depth:               17.9000
Mrr:            3.160000E+25
Mtt:           -5.580000E+24
Mpp:           -2.610000E+25
Mrt:            9.280000E+24
Mrp:            2.690000E+25
Mtp:           -1.440000E+25
