 PDE 2011 07 11 07 15 43.80  -29.4900 -176.5800  11.0 5.9 6.1 KERMADEC ISLANDS REGION
event name:   C201107110715A
time shift:           6.9000
half duration:        2.2000
latitude:           -29.1400
longitude:         -176.2400
depth:               12.0000
Mrr:            6.360000E+24
Mtt:            2.200000E+23
Mpp:           -6.580000E+24
Mrt:            1.240000E+24
Mrp:            6.790000E+24
Mtp:           -1.520000E+24
