 PDE 2018 04 02 05 57 35.70  -24.7200 -176.8900  92.0 6.2 6.1 SOUTH OF FIJI ISLANDS
event name:   C201804020557A
time shift:           4.2000
half duration:        3.0000
latitude:           -24.7300
longitude:         -176.7500
depth:               93.2000
Mrr:           -1.250000E+25
Mtt:            1.550000E+24
Mpp:            1.100000E+25
Mrt:           -2.090000E+24
Mrp:           -1.360000E+25
Mtp:           -1.320000E+25
