 PDE 2018 01 25 16 39 43.50   40.4600 -126.3300   8.9 5.8 5.8 OFF COAST OF NORTHERN CALIFORNIA
event name:   C201801251639A
time shift:           3.8000
half duration:        2.0000
latitude:            40.4900
longitude:         -126.5500
depth:               15.0000
Mrr:           -4.840000E+23
Mtt:           -1.650000E+23
Mpp:            6.490000E+23
Mrt:            9.670000E+23
Mrp:            2.770000E+24
Mtp:           -6.190000E+24
