 PDE 2019 12 03 08 46 35.80  -18.5000  -70.5800  38.0 6.0 6.0 NEAR COAST OF NORTHERN CHILE
event name:   C201912030846A
time shift:           4.7000
half duration:        2.5000
latitude:           -18.5900
longitude:          -71.0200
depth:               60.0000
Mrr:            1.070000E+25
Mtt:            1.580000E+24
Mpp:           -1.230000E+25
Mrt:            1.880000E+24
Mrp:           -7.030000E+24
Mtp:            4.330000E+24
