 PDE 2011 02 11 23 39 21.30  -37.2000  -73.2000  15.0 6.0 6.0 NEAR COAST OF CENTRAL CHILE
event name:   C201102112339A
time shift:           2.0000
half duration:        2.4000
latitude:           -37.4500
longitude:          -74.1100
depth:               16.4000
Mrr:            6.280000E+24
Mtt:           -3.300000E+23
Mpp:           -5.940000E+24
Mrt:           -3.400000E+23
Mrp:           -1.010000E+25
Mtp:           -7.000000E+23
