 PDE 2019 10 01 03 56 07.10  -55.9200 -122.5700  10.0 5.9 5.8 SOUTHERN EAST PACIFIC RISE
event name:   C201910010356A
time shift:           4.1000
half duration:        2.3000
latitude:           -56.1300
longitude:         -122.6700
depth:               12.0000
Mrr:           -6.100000E+23
Mtt:            5.320000E+24
Mpp:           -4.710000E+24
Mrt:           -5.700000E+23
Mrp:           -2.420000E+24
Mtp:            8.170000E+24
