 PDE 2017 11 20 18 51 07.60  -14.7200 -175.0500   9.0 6.0 6.0 SAMOA ISLANDS REGION
event name:   C201711201851A
time shift:           6.3000
half duration:        2.4000
latitude:           -14.6000
longitude:         -175.1400
depth:               15.1000
Mrr:           -1.020000E+24
Mtt:            2.540000E+24
Mpp:           -1.520000E+24
Mrt:            2.440000E+24
Mrp:            2.030000E+24
Mtp:            1.140000E+25
