 PDE 2018 03 04 19 56 17.90   -6.3300  142.6000  10.0 6.0 6.0 NEW GUINEA, PAPUA NEW GUINEA
event name:   C201803041956A
time shift:           8.1000
half duration:        2.3000
latitude:            -6.3800
longitude:          142.5000
depth:               12.0000
Mrr:            9.520000E+24
Mtt:           -7.200000E+24
Mpp:           -2.320000E+24
Mrt:            4.440000E+24
Mrp:           -3.100000E+24
Mtp:            3.870000E+24
