 PDE 2016 11 22 00 19 43.00  -40.6000  177.0400   9.1 6.0 5.9 OFF E. COAST OF N. ISLAND, N.Z.
event name:   C201611220019A
time shift:           7.6000
half duration:        2.7000
latitude:           -40.7900
longitude:          177.5800
depth:               12.0000
Mrr:            5.440000E+24
Mtt:           -2.300000E+24
Mpp:           -3.150000E+24
Mrt:            5.670000E+24
Mrp:            9.980000E+24
Mtp:           -3.220000E+24
