 PDE 2017 09 04 08 07 34.50  -57.7400  -25.6100  25.0 6.1 6.1 SOUTH SANDWICH ISLANDS REGION
event name:   C201709040807A
time shift:           5.8000
half duration:        2.6000
latitude:           -57.9100
longitude:          -24.8400
depth:               39.1000
Mrr:            1.420000E+25
Mtt:            8.000000E+23
Mpp:           -1.500000E+25
Mrt:           -8.300000E+23
Mrp:            5.640000E+24
Mtp:            3.150000E+24
