 PDE 2017 09 20 01 43 26.00  -50.7100  162.6300   8.0 6.1 6.1 AUCKLAND ISLANDS, N.Z. REGION
event name:   C201709200143A
time shift:           8.0000
half duration:        2.8000
latitude:           -50.5100
longitude:          162.2600
depth:               22.2000
Mrr:            1.300000E+23
Mtt:            1.850000E+25
Mpp:           -1.870000E+25
Mrt:            2.600000E+24
Mrp:           -3.250000E+24
Mtp:            1.810000E+24
