 PDE 2010 01 20 11 03 43.30   18.4200  -72.8100  10.5 5.8 5.9 HAITI REGION
event name:   C201001201103A
time shift:           4.3000
half duration:        2.1000
latitude:            18.6700
longitude:          -72.8100
depth:               12.0000
Mrr:            7.570000E+24
Mtt:           -6.270000E+24
Mpp:           -1.300000E+24
Mrt:           -1.700000E+23
Mrp:           -4.300000E+23
Mtp:            2.140000E+24
