 PDE 2010 04 24 07 41 00.40   -1.9100  128.1200  27.0 6.0 6.0 HALMAHERA, INDONESIA
event name:   C201004240741A
time shift:           4.6000
half duration:        2.3000
latitude:            -1.7900
longitude:          128.0500
depth:               37.0000
Mrr:            3.960000E+24
Mtt:            5.660000E+24
Mpp:           -9.620000E+24
Mrt:            1.480000E+24
Mrp:            4.750000E+24
Mtp:            5.310000E+24
