 PDE 2018 10 01 23 59 42.70  -10.5600  120.2400  29.0 6.0 6.0 SUMBA REGION, INDONESIA
event name:   C201810012359A
time shift:           4.8000
half duration:        2.4000
latitude:           -10.5700
longitude:          120.1600
depth:               22.0000
Mrr:            9.150000E+24
Mtt:           -9.410000E+24
Mpp:            2.700000E+23
Mrt:            5.490000E+24
Mrp:           -1.180000E+24
Mtp:            4.120000E+24
