 PDE 2018 10 25 22 54 52.60   37.5200   20.5600  14.0 6.8 6.8 IONIAN SEA
event name:   C201810252254A
time shift:           6.3000
half duration:        5.2000
latitude:            37.2700
longitude:           20.6000
depth:               16.0000
Mrr:            3.860000E+25
Mtt:            2.750000E+25
Mpp:           -6.610000E+25
Mrt:            1.760000E+26
Mrp:           -9.630000E+25
Mtp:            1.090000E+26
