 PDE 2016 03 20 22 50 20.40   54.2900  162.8100  30.0 6.4 6.4 NEAR EAST COAST OF KAMCHATKA
event name:   C201603202250A
time shift:           6.0000
half duration:        3.8000
latitude:            54.3000
longitude:          163.1500
depth:               37.6000
Mrr:            3.200000E+25
Mtt:           -5.430000E+24
Mpp:           -2.660000E+25
Mrt:            8.070000E+24
Mrp:            3.750000E+25
Mtp:            1.180000E+24
