 PDE 2019 01 26 08 12 48.70   -5.5000  133.7600  10.0 5.9 5.9 ARU ISLANDS REGION, INDONESIA
event name:   C201901260812A
time shift:           4.1000
half duration:        2.3000
latitude:            -5.4700
longitude:          133.7700
depth:               20.1000
Mrr:           -8.880000E+24
Mtt:            1.730000E+24
Mpp:            7.150000E+24
Mrt:            6.000000E+22
Mrp:            4.730000E+24
Mtp:            4.190000E+24
