 PDE 2018 09 10 04 19 02.60  -31.7500 -179.3700 115.0 7.0 6.9 KERMADEC ISLANDS REGION
event name:   C201809100418A
time shift:           4.2000
half duration:        7.3000
latitude:           -31.9200
longitude:         -179.1600
depth:              117.3000
Mrr:           -1.130000E+26
Mtt:           -1.490000E+26
Mpp:            2.620000E+26
Mrt:           -2.040000E+26
Mrp:           -1.300000E+26
Mtp:            4.330000E+25
