 PDE 2015 11 01 15 16 17.50  -23.2500  -68.4200 111.0 5.9 5.8 NORTHERN CHILE
event name:   C201511011516A
time shift:           3.3000
half duration:        2.1000
latitude:           -23.1900
longitude:          -68.6300
depth:              127.5000
Mrr:           -7.380000E+24
Mtt:            4.600000E+23
Mpp:            6.930000E+24
Mrt:            8.700000E+23
Mrp:           -3.800000E+23
Mtp:           -3.750000E+24
