 PDE 2015 05 30 18 49 07.30   30.7800  142.9700   5.7 6.2 6.2 SOUTHEAST OF HONSHU, JAPAN
event name:   C201505301849A
time shift:           5.5000
half duration:        3.2000
latitude:            30.8000
longitude:          143.0000
depth:               17.5000
Mrr:           -2.620000E+25
Mtt:            6.740000E+24
Mpp:            1.950000E+25
Mrt:           -2.450000E+24
Mrp:           -4.240000E+24
Mtp:           -1.390000E+25
