 PDE 2016 07 13 11 56 58.30  -28.0100 -176.4100  10.0 6.0 5.9 KERMADEC ISLANDS REGION
event name:   C201607131156A
time shift:           7.3000
half duration:        2.3000
latitude:           -27.9600
longitude:         -176.3000
depth:               14.5000
Mrr:            7.560000E+24
Mtt:            7.100000E+23
Mpp:           -8.270000E+24
Mrt:            2.320000E+24
Mrp:            6.270000E+24
Mtp:           -1.850000E+24
