 PDE 2016 05 27 03 44 29.50   26.9900  130.1400  10.0 5.9 5.9 SOUTHEAST OF RYUKYU ISLANDS
event name:   C201605270344A
time shift:           3.8000
half duration:        2.1000
latitude:            26.9400
longitude:          130.2000
depth:               13.9000
Mrr:           -6.810000E+24
Mtt:            4.300000E+23
Mpp:            6.390000E+24
Mrt:            1.290000E+24
Mrp:            3.220000E+24
Mtp:            3.470000E+24
