 PDE 2010 02 27 23 02 02.20  -37.6900  -72.8300  45.2 5.9 5.9 CENTRAL CHILE
event name:   C201002272302A
time shift:           3.8000
half duration:        2.1000
latitude:           -37.9400
longitude:          -73.3300
depth:               53.4000
Mrr:            7.050000E+24
Mtt:           -1.220000E+24
Mpp:           -5.830000E+24
Mrt:            9.100000E+23
Mrp:           -4.600000E+24
Mtp:            9.500000E+23
