 PDE 2016 07 11 02 11 04.80    0.5800  -79.6400  21.0 6.3 6.3 NEAR COAST OF ECUADOR
event name:   C201607110211A
time shift:           5.5000
half duration:        3.6000
latitude:             0.5800
longitude:          -80.0000
depth:               30.3000
Mrr:            2.220000E+25
Mtt:            2.370000E+24
Mpp:           -2.450000E+25
Mrt:            4.730000E+24
Mrp:           -3.200000E+25
Mtp:           -5.320000E+24
