 PDE 2017 12 08 09 51 08.10   10.0100  140.1900   8.0 6.3 6.3 W. CAROLINE ISLANDS, MICRONESIA
event name:   C201712080951A
time shift:           3.2000
half duration:        3.4000
latitude:            10.0000
longitude:          140.1500
depth:               12.0000
Mrr:            2.000000E+22
Mtt:            3.100000E+25
Mpp:           -3.100000E+25
Mrt:           -2.100000E+23
Mrp:           -8.260000E+24
Mtp:            6.020000E+24
