 PDE 2010 04 02 22 58 07.60  -36.2300  -72.8800  24.0 6.0 6.0 NEAR COAST OF CENTRAL CHILE
event name:   C201004022258A
time shift:           4.5000
half duration:        2.4000
latitude:           -36.3300
longitude:          -73.2000
depth:               30.4000
Mrr:            5.220000E+24
Mtt:            5.100000E+23
Mpp:           -5.730000E+24
Mrt:           -9.300000E+23
Mrp:           -9.790000E+24
Mtp:           -1.220000E+24
