 PDE 2016 01 05 02 21 11.80   30.6100  132.7400   7.9 5.9 5.8 SOUTHEAST OF SHIKOKU, JAPAN
event name:   C201601050221A
time shift:           2.7000
half duration:        2.1000
latitude:            30.5700
longitude:          132.8300
depth:               13.1000
Mrr:           -3.840000E+24
Mtt:           -4.430000E+24
Mpp:            8.270000E+24
Mrt:           -5.000000E+23
Mrp:            3.600000E+24
Mtp:            2.520000E+24
