 PDE 2017 09 23 10 38 05.40   15.4900  -94.4300  53.8 5.8 5.8 NEAR COAST OF OAXACA, MEXICO
event name:   C201709231038A
time shift:           0.9000
half duration:        2.0000
latitude:            15.5100
longitude:          -94.4800
depth:               69.2000
Mrr:           -5.060000E+24
Mtt:            2.470000E+24
Mpp:            2.590000E+24
Mrt:            3.800000E+24
Mrp:           -1.540000E+24
Mtp:           -3.360000E+24
