 PDE 2012 09 11 16 36 49.80   11.8400  143.2200   8.0 5.9 5.9 SOUTH OF MARIANA ISLANDS
event name:   C201209111636A
time shift:           5.4000
half duration:        2.3000
latitude:            11.6000
longitude:          143.1100
depth:               12.0000
Mrr:            8.200000E+24
Mtt:           -8.910000E+24
Mpp:            7.100000E+23
Mrt:            4.860000E+24
Mrp:           -2.250000E+24
Mtp:           -1.770000E+24
