 PDE 2014 04 11 00 01 45.20  -20.6600  -70.6500  13.8 6.1 6.2 NEAR COAST OF NORTHERN CHILE
event name:   C201404110001A
time shift:           5.8000
half duration:        2.7000
latitude:           -20.6400
longitude:          -70.8800
depth:               14.5000
Mrr:            9.050000E+24
Mtt:            3.740000E+24
Mpp:           -1.280000E+25
Mrt:           -5.120000E+24
Mrp:           -1.160000E+25
Mtp:            1.350000E+24
