 PDE 2016 02 12 10 02 24.00   -9.6300  119.4000  28.0 6.2 6.3 SUMBA REGION, INDONESIA
event name:   C201602121002A
time shift:           5.4000
half duration:        3.2000
latitude:            -9.8700
longitude:          119.3500
depth:               38.0000
Mrr:            2.110000E+25
Mtt:           -2.320000E+25
Mpp:            2.060000E+24
Mrt:            1.810000E+25
Mrp:           -3.100000E+24
Mtp:            6.100000E+23
