 PDE 2018 10 02 00 16 45.70  -10.4700  120.1500  26.0 5.9 5.9 SUMBA REGION, INDONESIA
event name:   C201810020016A
time shift:           3.1000
half duration:        2.2000
latitude:           -10.5300
longitude:          120.0700
depth:               24.4000
Mrr:            5.690000E+24
Mtt:           -4.980000E+24
Mpp:           -7.100000E+23
Mrt:            4.820000E+24
Mrp:           -3.550000E+24
Mtp:            6.070000E+24
