 PDE 2018 12 12 13 13 56.20  -55.6700 -128.6600  10.0 6.3 6.3 PACIFIC-ANTARCTIC RIDGE
event name:   C201812121314A
time shift:           4.1000
half duration:        3.5000
latitude:           -55.3300
longitude:         -129.3300
depth:               18.3000
Mrr:           -3.970000E+24
Mtt:            2.590000E+25
Mpp:           -2.190000E+25
Mrt:           -1.910000E+24
Mrp:           -6.000000E+22
Mtp:            2.850000E+25
