 PDE 2014 08 03 04 06 03.70   28.0500  128.0600  10.0 5.8 5.7 RYUKYU ISLANDS, JAPAN
event name:   C201408030406A
time shift:           3.1000
half duration:        2.0000
latitude:            28.0300
longitude:          128.0700
depth:               12.2000
Mrr:            1.420000E+23
Mtt:            4.780000E+24
Mpp:           -4.920000E+24
Mrt:            9.430000E+23
Mrp:           -7.610000E+23
Mtp:            4.060000E+24
