 PDE 2019 08 01 20 01 28.20  -34.2800  -72.3700  15.4 5.9 5.6 NEAR COAST OF CENTRAL CHILE
event name:   C201908012001A
time shift:           5.2000
half duration:        2.1000
latitude:           -34.3500
longitude:          -72.0800
depth:               14.7000
Mrr:            3.750000E+24
Mtt:           -1.070000E+23
Mpp:           -3.640000E+24
Mrt:           -1.660000E+23
Mrp:           -7.690000E+24
Mtp:            2.400000E+22
