 PDE 2017 06 15 11 42 16.00  -55.4300 -124.7600  10.0 5.8 5.8 SOUTHERN EAST PACIFIC RISE
event name:   C201706151142A
time shift:           7.6000
half duration:        1.9000
latitude:           -55.7700
longitude:         -124.4400
depth:               23.0000
Mrr:           -3.890000E+23
Mtt:            3.780000E+24
Mpp:           -3.390000E+24
Mrt:           -5.480000E+23
Mrp:           -5.020000E+23
Mtp:            5.170000E+24
