 PDE 2017 07 02 09 58 50.80  -27.3700 -176.4100  16.0 5.8 5.8 KERMADEC ISLANDS REGION
event name:   C201707020958A
time shift:           4.7000
half duration:        2.0000
latitude:           -27.4800
longitude:         -176.2700
depth:               21.4000
Mrr:            5.230000E+24
Mtt:            4.990000E+23
Mpp:           -5.730000E+24
Mrt:            1.630000E+24
Mrp:            3.300000E+24
Mtp:           -1.120000E+24
