 PDE 2019 09 24 03 23 35.20   19.0900  -67.2800  11.0 6.0 6.0 MONA PASSAGE
event name:   C201909240323A
time shift:           5.4000
half duration:        2.5000
latitude:            19.1300
longitude:          -67.2000
depth:               12.1000
Mrr:           -9.070000E+24
Mtt:           -7.700000E+23
Mpp:            9.840000E+24
Mrt:            4.370000E+24
Mrp:            8.900000E+24
Mtp:            2.570000E+24
