 PDE 2015 06 25 18 45 57.50  -32.0700 -178.3200  10.0 5.9 6.0 SOUTH OF KERMADEC ISLANDS
event name:   C201506251845A
time shift:           7.2000
half duration:        2.1000
latitude:           -32.2200
longitude:         -177.6500
depth:               14.3000
Mrr:            5.680000E+24
Mtt:           -2.450000E+23
Mpp:           -5.430000E+24
Mrt:            1.040000E+24
Mrp:            5.190000E+24
Mtp:           -1.760000E+24
