 PDE 2014 01 25 05 14 18.50   -7.9900  109.2600  66.0 6.2 6.1 JAVA, INDONESIA
event name:   C201401250514A
time shift:           4.3000
half duration:        2.9000
latitude:            -8.3600
longitude:          109.2700
depth:               76.1000
Mrr:           -1.280000E+25
Mtt:            1.180000E+25
Mpp:            9.600000E+23
Mrt:           -1.560000E+25
Mrp:            5.820000E+24
Mtp:           -3.370000E+24
