 PDE 2016 09 24 11 04 29.50   -1.9500  140.6000   8.0 5.9 5.9 IRIAN JAYA REGION, INDONESIA
event name:   C201609241104A
time shift:           3.2000
half duration:        2.2000
latitude:            -1.8800
longitude:          140.5800
depth:               12.0000
Mrr:           -7.360000E+24
Mtt:            7.800000E+24
Mpp:           -4.300000E+23
Mrt:            4.130000E+24
Mrp:            1.700000E+23
Mtp:            2.100000E+23
