 PDE 2018 10 28 22 23 53.40   13.0300  -90.3700  22.0 6.1 6.1 NEAR COAST OF GUATEMALA
event name:   C201810282223A
time shift:           4.7000
half duration:        2.7000
latitude:            12.7100
longitude:          -90.7600
depth:               12.0000
Mrr:            1.120000E+25
Mtt:           -7.910000E+24
Mpp:           -3.280000E+24
Mrt:            1.110000E+25
Mrp:           -8.570000E+24
Mtp:            3.890000E+24
