 PDE 2012 05 14 10 00 40.40  -17.6400  -69.5700 105.7 6.3 6.2 PERU-BOLIVIA BORDER REGION
event name:   C201205141000A
time shift:           2.9000
half duration:        3.3000
latitude:           -18.0000
longitude:          -69.9400
depth:              119.2000
Mrr:           -8.560000E+24
Mtt:           -7.980000E+24
Mpp:            1.650000E+25
Mrt:            1.850000E+25
Mrp:           -1.920000E+25
Mtp:           -7.600000E+24
