 PDE 2017 10 08 20 48 58.40  -61.7500  154.6000  10.0 6.2 6.2 BALLENY ISLANDS REGION
event name:   C201710082048A
time shift:           5.4000
half duration:        3.1000
latitude:           -61.5600
longitude:          154.3200
depth:               14.9000
Mrr:           -1.680000E+24
Mtt:            2.110000E+25
Mpp:           -1.940000E+25
Mrt:           -6.230000E+24
Mrp:            4.610000E+24
Mtp:           -1.530000E+25
