 PDE 2019 04 05 18 46 42.70    1.4500  -85.2700  10.0 5.8 5.8 OFF COAST OF ECUADOR
event name:   C201904051846A
time shift:           8.3000
half duration:        2.0000
latitude:             1.5300
longitude:          -85.2700
depth:               14.9000
Mrr:            5.060000E+23
Mtt:            1.160000E+24
Mpp:           -1.670000E+24
Mrt:           -3.000000E+23
Mrp:           -2.020000E+23
Mtp:            6.980000E+24
