 PDE 2015 10 03 06 26 55.80  -30.3000  -71.5500  38.0 5.9 5.9 NEAR COAST OF CENTRAL CHILE
event name:   C201510030626A
time shift:           4.9000
half duration:        2.1000
latitude:           -30.3300
longitude:          -71.7500
depth:               42.1000
Mrr:            7.380000E+24
Mtt:            3.900000E+23
Mpp:           -7.770000E+24
Mrt:            1.480000E+24
Mrp:           -3.040000E+24
Mtp:           -2.200000E+23
