 PDE 2010 06 16 03 06 02.40   -2.3900  136.6300  13.0 6.2 6.2 IRIAN JAYA REGION, INDONESIA
event name:   C201006160306A
time shift:           5.6000
half duration:        3.2000
latitude:            -2.0100
longitude:          136.4800
depth:               12.0000
Mrr:           -1.210000E+24
Mtt:           -2.670000E+25
Mpp:            2.790000E+25
Mrt:            3.750000E+24
Mrp:           -6.330000E+24
Mtp:            4.250000E+24
