 PDE 2014 04 01 23 57 58.80  -19.8900  -70.9500  28.4 7.0 6.9 NEAR COAST OF NORTHERN CHILE
event name:   C201404012358A
time shift:          12.6000
half duration:        7.7000
latitude:           -19.8500
longitude:          -71.3900
depth:               20.6000
Mrr:            3.140000E+26
Mtt:           -2.390000E+25
Mpp:           -2.900000E+26
Mrt:           -2.400000E+24
Mrp:           -2.520000E+26
Mtp:            3.910000E+25
