 PDE 2015 02 02 08 25 48.50   -1.5400  145.2100  14.0 6.0 5.9 ADMIRALTY ISLANDS REGION, P.N.G.
event name:   C201502020825A
time shift:           4.4000
half duration:        2.3000
latitude:            -1.4700
longitude:          145.1800
depth:               15.9000
Mrr:           -2.150000E+24
Mtt:           -7.020000E+24
Mpp:            9.180000E+24
Mrt:           -3.040000E+24
Mrp:            4.040000E+24
Mtp:            4.240000E+24
