 PDE 2010 04 26 02 59 52.20   22.1800  123.7300  21.4 6.5 6.5 SOUTHEAST OF TAIWAN
event name:   C201004260259A
time shift:           1.9000
half duration:        4.3000
latitude:            22.2300
longitude:          123.7300
depth:               24.2000
Mrr:           -9.370000E+24
Mtt:            6.590000E+25
Mpp:           -5.650000E+25
Mrt:           -8.940000E+24
Mrp:            1.940000E+24
Mtp:           -3.020000E+25
