 PDE 2016 07 13 13 04 25.50  -27.9200 -176.5200  10.0 5.8 5.8 KERMADEC ISLANDS REGION
event name:   C201607131304A
time shift:           4.0000
half duration:        2.1000
latitude:           -27.9400
longitude:         -176.1800
depth:               18.3000
Mrr:            6.190000E+24
Mtt:           -6.740000E+23
Mpp:           -5.520000E+24
Mrt:            1.180000E+24
Mrp:            4.050000E+24
Mtp:           -2.160000E+24
