 PDE 2015 09 19 12 52 20.90  -32.3300  -72.0700  18.0 6.2 6.2 OFF COAST OF CENTRAL CHILE
event name:   C201509191252A
time shift:           5.7000
half duration:        3.1000
latitude:           -32.3400
longitude:          -72.0500
depth:               19.7000
Mrr:            1.870000E+25
Mtt:            6.400000E+23
Mpp:           -1.940000E+25
Mrt:            1.280000E+24
Mrp:           -1.860000E+25
Mtp:           -6.600000E+23
