 PDE 2011 07 31 14 34 47.30  -17.0200  171.5800  10.0 6.1 6.2 VANUATU ISLANDS REGION
event name:   C201107311434A
time shift:           6.9000
half duration:        2.8000
latitude:           -17.0200
longitude:          171.4900
depth:               12.2000
Mrr:           -1.680000E+25
Mtt:            1.590000E+25
Mpp:            8.400000E+23
Mrt:           -1.820000E+24
Mrp:            1.820000E+24
Mtp:           -9.990000E+24
