 PDE 2017 03 14 02 51 16.80    6.1500   92.3000  10.0 6.0 6.0 NICOBAR ISLANDS, INDIA REGION
event name:   C201703140251A
time shift:           3.2000
half duration:        2.3000
latitude:             6.2300
longitude:           92.1700
depth:               17.3000
Mrr:           -3.270000E+24
Mtt:           -5.400000E+24
Mpp:            8.670000E+24
Mrt:            7.700000E+23
Mrp:           -2.130000E+24
Mtp:           -8.370000E+24
