 PDE 2013 04 06 04 42 35.90   -3.5200  138.4800  66.0 7.0 7.0 IRIAN JAYA, INDONESIA
event name:   C201304060442A
time shift:           5.9000
half duration:        7.5000
latitude:            -3.3300
longitude:          138.4900
depth:               73.6000
Mrr:           -2.300000E+26
Mtt:           -1.480000E+26
Mpp:            3.780000E+26
Mrt:            1.140000E+26
Mrp:           -1.770000E+25
Mtp:            1.030000E+26
