 PDE 2018 08 10 18 12 07.00   48.4600  154.9400  27.0 6.1 6.0 KURIL ISLANDS
event name:   C201808101812A
time shift:           4.6000
half duration:        2.9000
latitude:            48.4300
longitude:          155.2700
depth:               26.6000
Mrr:           -1.320000E+25
Mtt:            3.050000E+24
Mpp:            1.020000E+25
Mrt:           -8.690000E+24
Mrp:           -1.280000E+25
Mtp:            7.010000E+24
