 PDE 2019 06 02 10 36 29.70  -21.2100 -173.9100  10.0 6.0 6.0 TONGA ISLANDS
event name:   C201906021036A
time shift:           8.1000
half duration:        2.4000
latitude:           -21.5100
longitude:         -173.7200
depth:               12.0000
Mrr:            9.160000E+24
Mtt:           -1.970000E+24
Mpp:           -7.190000E+24
Mrt:            4.220000E+24
Mrp:            6.570000E+24
Mtp:           -4.180000E+24
