 PDE 2018 12 28 03 03 33.40   -1.4500  134.0900  41.0 5.8 5.7 IRIAN JAYA REGION, INDONESIA
event name:   C201812280303A
time shift:           2.1000
half duration:        2.0000
latitude:            -1.4100
longitude:          134.0100
depth:               48.8000
Mrr:           -3.120000E+23
Mtt:           -2.160000E+24
Mpp:            2.470000E+24
Mrt:            4.100000E+24
Mrp:            1.210000E+24
Mtp:            4.370000E+24
