 PDE 2019 12 23 20 56 23.60   50.5200 -129.7600  10.0 6.0 6.0 VANCOUVER ISLAND, CANADA REGION
event name:   C201912232056A
time shift:           3.8000
half duration:        2.6000
latitude:            50.2900
longitude:         -129.9100
depth:               12.0000
Mrr:           -7.400000E+23
Mtt:           -1.390000E+25
Mpp:            1.460000E+25
Mrt:           -1.180000E+24
Mrp:           -1.100000E+24
Mtp:            5.800000E+23
