 PDE 2016 12 21 16 43 56.80   21.5100  145.4100   8.0 5.9 5.9 MARIANA ISLANDS REGION
event name:   C201612211643A
time shift:           4.8000
half duration:        2.2000
latitude:            21.5500
longitude:          145.6000
depth:               12.0000
Mrr:           -4.510000E+24
Mtt:            5.200000E+24
Mpp:           -7.000000E+23
Mrt:            3.420000E+24
Mrp:           -5.080000E+24
Mtp:           -5.350000E+24
