 PDE 2017 05 05 05 09 35.90   39.4700   71.4300  10.0 5.8 5.8 TAJIKISTAN
event name:   C201705050509A
time shift:           0.4000
half duration:        2.0000
latitude:            39.5100
longitude:           71.4100
depth:               18.0000
Mrr:            6.410000E+24
Mtt:           -1.440000E+24
Mpp:           -4.960000E+24
Mrt:           -1.630000E+24
Mrp:            1.910000E+23
Mtp:           -3.930000E+24
