 PDE 2016 04 25 07 07 08.60   14.4800  -93.1500  16.0 6.0 6.0 NEAR COAST OF CHIAPAS, MEXICO
event name:   C201604250707A
time shift:           3.1000
half duration:        2.4000
latitude:            14.4500
longitude:          -93.3800
depth:               17.0000
Mrr:            7.490000E+24
Mtt:           -5.690000E+24
Mpp:           -1.800000E+24
Mrt:            6.380000E+24
Mrp:           -5.960000E+24
Mtp:            2.880000E+24
