 PDE 2015 09 17 12 14 35.00  -32.9100  -71.6000  10.0 5.9 5.9 NEAR COAST OF CENTRAL CHILE
event name:   C201509171214A
time shift:          10.4000
half duration:        2.1000
latitude:           -32.2700
longitude:          -72.4100
depth:               22.3000
Mrr:            6.440000E+24
Mtt:           -1.050000E+24
Mpp:           -5.390000E+24
Mrt:            7.070000E+23
Mrp:           -4.760000E+24
Mtp:            6.670000E+23
