 PDE 2012 11 21 21 36 22.70  -33.9400  -71.8700  18.0 5.9 5.9 NEAR COAST OF CENTRAL CHILE
event name:   C201211212136A
time shift:           4.0000
half duration:        2.1000
latitude:           -34.0500
longitude:          -72.3100
depth:               21.2000
Mrr:            5.080000E+24
Mtt:            3.480000E+23
Mpp:           -5.430000E+24
Mrt:            1.400000E+24
Mrp:           -6.230000E+24
Mtp:            2.630000E+23
