 PDE 2017 12 09 15 14 24.80   10.0900  140.2000  10.0 6.1 6.1 W. CAROLINE ISLANDS, MICRONESIA
event name:   C201712091514A
time shift:           3.2000
half duration:        2.6000
latitude:            10.0300
longitude:          140.1700
depth:               12.0000
Mrr:           -9.100000E+23
Mtt:            1.500000E+25
Mpp:           -1.410000E+25
Mrt:           -1.230000E+24
Mrp:           -4.150000E+24
Mtp:           -2.520000E+24
