 PDE 2017 05 03 04 47 13.40   39.5000   71.4500  11.0 6.0 6.0 TAJIKISTAN
event name:   C201705030447A
time shift:           2.1000
half duration:        2.4000
latitude:            39.5000
longitude:           71.4200
depth:               24.3000
Mrr:            3.750000E+24
Mtt:            5.690000E+24
Mpp:           -9.440000E+24
Mrt:           -7.200000E+24
Mrp:            1.490000E+24
Mtp:           -6.820000E+24
