 PDE 2010 03 04 01 59 48.70  -33.2200  -72.1200  24.2 6.0 6.0 OFF COAST OF CENTRAL CHILE
event name:   C201003040159A
time shift:           3.4000
half duration:        2.5000
latitude:           -33.4500
longitude:          -72.5500
depth:               12.8000
Mrr:            8.330000E+24
Mtt:           -1.200000E+23
Mpp:           -8.210000E+24
Mrt:           -4.000000E+23
Mrp:           -1.060000E+25
Mtp:           -9.400000E+23
