 PDE 2016 12 01 22 40 26.60  -15.3100  -70.8300  12.0 6.2 6.2 SOUTHERN PERU
event name:   C201612012240A
time shift:           4.4000
half duration:        3.1000
latitude:           -15.2800
longitude:          -70.9300
depth:               12.7000
Mrr:           -2.360000E+25
Mtt:            6.570000E+24
Mpp:            1.700000E+25
Mrt:            1.640000E+24
Mrp:           -5.800000E+23
Mtp:           -1.420000E+25
