 PDE 2019 12 23 19 49 43.10   50.6100 -129.9300  10.0 6.0 6.0 VANCOUVER ISLAND, CANADA REGION
event name:   C201912231949A
time shift:           4.4000
half duration:        2.5000
latitude:            50.4800
longitude:         -130.1800
depth:               12.0000
Mrr:           -1.000000E+23
Mtt:           -1.220000E+25
Mpp:            1.230000E+25
Mrt:           -8.200000E+23
Mrp:           -1.810000E+24
Mtp:            3.840000E+24
