 PDE 2018 12 24 12 41 19.30   55.3800  164.4900  10.0 6.1 6.0 KOMANDORSKIYE OSTROVA REGION
event name:   C201812241241A
time shift:           3.5000
half duration:        2.7000
latitude:            55.3300
longitude:          164.6000
depth:               16.9000
Mrr:            1.840000E+24
Mtt:           -1.520000E+25
Mpp:            1.340000E+25
Mrt:            1.080000E+24
Mrp:            3.250000E+24
Mtp:            7.700000E+24
