 PDE 2015 12 19 19 25 05.60  -30.6000  -71.3100  48.3 5.8 5.8 NEAR COAST OF CENTRAL CHILE
event name:   C201512191925A
time shift:           3.5000
half duration:        2.0000
latitude:           -30.7000
longitude:          -71.5400
depth:               62.4000
Mrr:            5.380000E+24
Mtt:            1.300000E+24
Mpp:           -6.680000E+24
Mrt:            8.110000E+23
Mrp:           -2.960000E+24
Mtp:            1.030000E+24
