 PDE 2012 01 14 16 36 21.00   19.2000  121.1600  17.0 5.8 5.8 PHILIPPINE ISLANDS REGION
event name:   C201201141636A
time shift:           3.8000
half duration:        1.9000
latitude:            19.3500
longitude:          120.8700
depth:               34.7000
Mrr:            4.900000E+24
Mtt:           -6.340000E+23
Mpp:           -4.270000E+24
Mrt:           -1.330000E+24
Mrp:           -3.460000E+24
Mtp:           -2.460000E+24
