 PDE 2017 01 14 06 11 40.90  -18.6200  176.2400   3.9 5.9 5.9 FIJI ISLANDS REGION
event name:   C201701140611A
time shift:           6.6000
half duration:        2.2000
latitude:           -18.7400
longitude:          176.1700
depth:               12.0000
Mrr:           -9.300000E+24
Mtt:            7.200000E+23
Mpp:            8.580000E+24
Mrt:           -1.180000E+24
Mrp:            1.370000E+24
Mtp:            2.410000E+24
