 PDE 2014 04 24 19 51 58.60  -24.0100 -176.6700  63.1 5.9 5.9 SOUTH OF FIJI ISLANDS
event name:   C201404241951A
time shift:           4.3000
half duration:        2.3000
latitude:           -23.9600
longitude:         -176.1400
depth:               74.3000
Mrr:           -5.530000E+24
Mtt:            6.060000E+24
Mpp:           -5.200000E+23
Mrt:            2.140000E+24
Mrp:           -5.930000E+24
Mtp:           -4.980000E+24
