 PDE 2010 10 22 19 31 37.70  -20.8500  -68.3500 132.2 5.8 5.8 CHILE-BOLIVIA BORDER REGION
event name:   C201010221931A
time shift:           3.8000
half duration:        1.9000
latitude:           -21.0700
longitude:          -68.7900
depth:              142.6000
Mrr:           -3.370000E+24
Mtt:            3.200000E+24
Mpp:            1.650000E+23
Mrt:            2.520000E+24
Mrp:           -5.120000E+24
Mtp:           -2.400000E+23
