 PDE 2013 09 07 00 13 29.90   14.6400  -92.1000  67.0 6.4 6.4 NEAR COAST OF CHIAPAS, MEXICO
event name:   C201309070013A
time shift:           7.7000
half duration:        4.0000
latitude:            14.5400
longitude:          -92.1100
depth:               79.9000
Mrr:            1.160000E+24
Mtt:           -1.460000E+25
Mpp:            1.340000E+25
Mrt:            4.130000E+25
Mrp:           -3.580000E+25
Mtp:           -2.060000E+24
