 PDE 2015 06 15 17 40 53.90   -9.7400  125.2500  20.0 5.8 5.8 TIMOR REGION
event name:   C201506151740A
time shift:           6.2000
half duration:        2.0000
latitude:            -9.6200
longitude:          125.1200
depth:               18.6000
Mrr:            5.300000E+24
Mtt:           -5.160000E+24
Mpp:           -1.420000E+23
Mrt:            2.770000E+24
Mrp:           -1.240000E+24
Mtp:           -2.280000E+24
