 PDE 2017 04 28 15 30 06.30  -33.2200  -71.9700  22.0 5.9 5.9 NEAR COAST OF CENTRAL CHILE
event name:   C201704281530A
time shift:           3.9000
half duration:        2.2000
latitude:           -33.3000
longitude:          -72.0300
depth:               23.4000
Mrr:            5.980000E+24
Mtt:            6.000000E+22
Mpp:           -6.040000E+24
Mrt:            1.310000E+24
Mrp:           -7.020000E+24
Mtp:            4.900000E+23
