 PDE 2011 03 20 08 26 10.70   19.0000  121.2400  35.0 6.0 6.0 PHILIPPINE ISLANDS REGION
event name:   C201103200826A
time shift:           1.1000
half duration:        2.3000
latitude:            19.1600
longitude:          120.9900
depth:               50.3000
Mrr:            9.490000E+24
Mtt:           -2.360000E+24
Mpp:           -7.130000E+24
Mrt:           -1.540000E+24
Mrp:           -4.140000E+24
Mtp:           -4.920000E+24
