 PDE 2010 03 07 15 59 44.60  -37.9900  -73.3000  26.8 5.9 5.8 NEAR COAST OF CENTRAL CHILE
event name:   C201003071559A
time shift:           2.5000
half duration:        2.1000
latitude:           -38.2200
longitude:          -73.7800
depth:               25.0000
Mrr:            3.020000E+24
Mtt:            4.160000E+23
Mpp:           -3.440000E+24
Mrt:            7.280000E+23
Mrp:           -7.200000E+24
Mtp:            5.960000E+23
