 PDE 2018 12 16 09 42 37.20   -3.9200  140.2300  62.0 6.1 6.1 IRIAN JAYA, INDONESIA
event name:   C201812160942A
time shift:           4.1000
half duration:        2.9000
latitude:            -3.9400
longitude:          140.4000
depth:               73.3000
Mrr:           -1.130000E+25
Mtt:            6.930000E+24
Mpp:            4.390000E+24
Mrt:           -1.090000E+25
Mrp:            1.240000E+25
Mtp:           -6.470000E+24
