 PDE 2010 03 28 21 38 28.00  -35.3900  -73.3900  29.9 6.0 6.0 OFF COAST OF CENTRAL CHILE
event name:   C201003282138A
time shift:           8.0000
half duration:        2.3000
latitude:           -35.5600
longitude:          -73.4400
depth:               12.0000
Mrr:            5.140000E+24
Mtt:            2.100000E+23
Mpp:           -5.350000E+24
Mrt:           -6.100000E+23
Mrp:           -9.600000E+24
Mtp:           -1.640000E+24
