 PDE 2018 07 28 22 47 38.70   -8.2400  116.5100  14.0 6.5 6.4 SUMBAWA REGION, INDONESIA
event name:   C201807282247A
time shift:           2.8000
half duration:        4.2000
latitude:            -8.3100
longitude:          116.5100
depth:               13.9000
Mrr:            3.910000E+25
Mtt:           -4.280000E+25
Mpp:            3.650000E+24
Mrt:           -4.640000E+25
Mrp:           -5.630000E+24
Mtp:           -2.790000E+24
