 PDE 2019 02 04 17 45 48.10   -2.4000  -79.8300  70.0 5.8 5.8 NEAR COAST OF ECUADOR
event name:   C201902041745A
time shift:           2.5000
half duration:        2.0000
latitude:            -2.5100
longitude:          -80.0800
depth:               73.6000
Mrr:           -1.440000E+24
Mtt:           -4.520000E+24
Mpp:            5.960000E+24
Mrt:            3.360000E+24
Mrp:            6.740000E+23
Mtp:            2.310000E+24
