 PDE 2010 03 05 09 19 36.40  -36.6300  -73.2200  29.9 6.1 6.1 NEAR COAST OF CENTRAL CHILE
event name:   C201003050919A
time shift:           2.7000
half duration:        2.8000
latitude:           -36.7600
longitude:          -73.5900
depth:               15.0000
Mrr:            4.600000E+24
Mtt:            6.300000E+23
Mpp:           -5.230000E+24
Mrt:            5.210000E+24
Mrp:           -1.830000E+25
Mtp:            3.800000E+23
