 PDE 2015 11 16 16 49 13.70   48.3300  154.2400  34.0 5.9 5.9 KURIL ISLANDS
event name:   C201511161649A
time shift:           3.3000
half duration:        2.3000
latitude:            48.2500
longitude:          154.6900
depth:               45.6000
Mrr:            9.660000E+24
Mtt:           -2.160000E+24
Mpp:           -7.500000E+24
Mrt:            1.610000E+24
Mrp:            2.690000E+24
Mtp:           -4.470000E+24
