 PDE 2013 07 17 02 37 43.20  -15.6600  -71.7400   7.0 6.0 6.0 SOUTHERN PERU
event name:   C201307170237A
time shift:           4.7000
half duration:        2.4000
latitude:           -15.7300
longitude:          -71.8300
depth:               12.0000
Mrr:           -1.100000E+25
Mtt:            1.140000E+25
Mpp:           -4.100000E+23
Mrt:           -1.340000E+24
Mrp:            2.000000E+23
Mtp:           -4.100000E+24
