 PDE 2018 10 22 06 16 26.50   49.3300 -129.2900  10.0 6.8 6.8 VANCOUVER ISLAND, CANADA REGION
event name:   C201810220616A
time shift:           9.9000
half duration:        5.8000
latitude:            49.1400
longitude:         -129.8900
depth:               16.1000
Mrr:           -1.560000E+25
Mtt:           -1.560000E+26
Mpp:            1.710000E+26
Mrt:            7.600000E+24
Mrp:           -2.100000E+24
Mtp:           -4.170000E+25
