 PDE 2011 07 16 00 26 12.60  -33.8200  -71.8300  20.0 6.0 6.1 NEAR COAST OF CENTRAL CHILE
event name:   C201107160026A
time shift:           4.4000
half duration:        2.3000
latitude:           -33.9600
longitude:          -72.1900
depth:               23.9000
Mrr:            6.720000E+24
Mtt:            2.300000E+23
Mpp:           -6.940000E+24
Mrt:            1.240000E+24
Mrp:           -7.990000E+24
Mtp:           -4.800000E+23
