 PDE 2010 10 21 02 49 56.00  -34.7400  -73.7200  10.4 5.9 5.9 OFF COAST OF CENTRAL CHILE
event name:   C201010210249A
time shift:           5.9000
half duration:        2.2000
latitude:           -34.8200
longitude:          -74.0700
depth:               12.0000
Mrr:           -5.830000E+24
Mtt:           -4.000000E+23
Mpp:            6.230000E+24
Mrt:            2.840000E+24
Mrp:            1.150000E+24
Mtp:            6.380000E+24
