 PDE 2018 08 03 18 50 53.90   -0.8700  -22.0000  10.0 5.8 5.8 CENTRAL MID-ATLANTIC RIDGE
event name:   C201808031850A
time shift:           8.1000
half duration:        2.0000
latitude:            -0.6900
longitude:          -21.6900
depth:               21.1000
Mrr:           -6.860000E+23
Mtt:            2.260000E+24
Mpp:           -1.580000E+24
Mrt:            1.830000E+24
Mrp:            7.990000E+23
Mtp:           -6.650000E+24
