 PDE 2015 09 26 02 51 18.80  -30.8200  -71.3200  46.0 6.3 6.3 NEAR COAST OF CENTRAL CHILE
event name:   C201509260251A
time shift:           3.4000
half duration:        3.3000
latitude:           -30.8800
longitude:          -71.6200
depth:               51.7000
Mrr:            2.780000E+25
Mtt:            2.580000E+24
Mpp:           -3.040000E+25
Mrt:            2.420000E+24
Mrp:           -1.300000E+25
Mtp:            3.370000E+24
