 PDE 2015 09 19 05 06 47.50  -29.6400  -72.0800   6.0 6.0 6.1 OFF COAST OF CENTRAL CHILE
event name:   C201509190506A
time shift:           4.2000
half duration:        2.3000
latitude:           -29.7300
longitude:          -72.3000
depth:               12.0000
Mrr:            9.230000E+24
Mtt:           -4.900000E+23
Mpp:           -8.750000E+24
Mrt:           -5.200000E+23
Mrp:           -5.390000E+24
Mtp:            8.800000E+23
