 PDE 2010 08 18 16 28 15.40   12.2300  141.5100  10.0 6.2 6.3 SOUTH OF MARIANA ISLANDS
event name:   C201008181628A
time shift:           7.1000
half duration:        2.9000
latitude:            12.3100
longitude:          141.4200
depth:               12.0000
Mrr:           -1.970000E+25
Mtt:            1.030000E+25
Mpp:            9.480000E+24
Mrt:            3.930000E+24
Mrp:            4.810000E+24
Mtp:            1.180000E+25
