 PDE 2010 02 27 19 00 06.90  -33.4200  -71.8300  31.1 6.2 6.3 NEAR COAST OF CENTRAL CHILE
event name:   C201002271900A
time shift:           5.7000
half duration:        3.2000
latitude:           -33.6200
longitude:          -72.2900
depth:               24.2000
Mrr:            2.420000E+25
Mtt:           -3.430000E+24
Mpp:           -2.080000E+25
Mrt:            2.610000E+24
Mrp:           -1.700000E+25
Mtp:            9.000000E+22
