 PDE 2011 01 10 06 02 52.00  -35.5900  -73.0600  24.4 5.9 5.9 OFF COAST OF CENTRAL CHILE
event name:   C201101100602A
time shift:           2.0000
half duration:        2.2000
latitude:           -35.7700
longitude:          -73.5900
depth:               12.1000
Mrr:            4.170000E+24
Mtt:           -7.300000E+22
Mpp:           -4.100000E+24
Mrt:           -8.600000E+23
Mrp:           -7.920000E+24
Mtp:           -1.100000E+24
