 PDE 2011 03 06 12 31 59.70  -18.0400  -69.3400 118.0 6.3 6.3 NORTHERN CHILE
event name:   C201103061231A
time shift:           2.6000
half duration:        3.3000
latitude:           -18.2800
longitude:          -69.7300
depth:              126.3000
Mrr:           -1.440000E+25
Mtt:           -5.800000E+24
Mpp:            2.020000E+25
Mrt:            1.300000E+25
Mrp:           -2.120000E+25
Mtp:            9.800000E+23
