 PDE 2019 07 04 04 30 44.40   51.2400 -130.5000  10.0 6.2 6.2 QUEEN CHARLOTTE ISLANDS REGION
event name:   C201907040430A
time shift:           3.2000
half duration:        3.2000
latitude:            51.1600
longitude:         -130.6400
depth:               12.0000
Mrr:           -7.600000E+23
Mtt:           -1.180000E+25
Mpp:            1.260000E+25
Mrt:            2.570000E+24
Mrp:           -6.580000E+24
Mtp:            2.350000E+25
