 PDE 2011 06 05 16 35 04.30  -15.1100 -177.8900  12.6 5.9 5.9 FIJI ISLANDS REGION
event name:   C201106051635A
time shift:           6.4000
half duration:        2.3000
latitude:           -14.9600
longitude:         -177.8400
depth:               15.0000
Mrr:           -4.500000E+23
Mtt:           -1.800000E+24
Mpp:            2.240000E+24
Mrt:           -2.700000E+23
Mrp:           -1.040000E+24
Mtp:            9.690000E+24
