 PDE 2018 08 25 16 50 01.40   52.1000 -171.1200  23.0 6.0 5.9 FOX ISLANDS, ALEUTIAN ISLANDS
event name:   C201808251650A
time shift:           4.3000
half duration:        2.3000
latitude:            51.9900
longitude:         -171.0100
depth:               35.6000
Mrr:            8.370000E+24
Mtt:           -7.870000E+24
Mpp:           -5.000000E+23
Mrt:            4.700000E+24
Mrp:            3.270000E+24
Mtp:           -3.940000E+24
