 PDE 2019 06 24 11 34 08.90  -30.7600 -177.3500  10.0 6.0 5.9 KERMADEC ISLANDS, NEW ZEALAND
event name:   C201906241134A
time shift:           3.2000
half duration:        2.4000
latitude:           -30.7600
longitude:         -176.8200
depth:               12.0000
Mrr:            8.200000E+24
Mtt:           -3.900000E+23
Mpp:           -7.810000E+24
Mrt:            2.330000E+24
Mrp:            7.680000E+24
Mtp:           -2.060000E+24
