 PDE 2017 04 18 17 49 55.80   -2.7100  -75.3000  14.0 5.9 5.9 PERU-ECUADOR BORDER REGION
event name:   C201704181749A
time shift:           3.2000
half duration:        2.3000
latitude:            -2.7700
longitude:          -75.3700
depth:               21.6000
Mrr:            9.450000E+24
Mtt:            9.000000E+22
Mpp:           -9.540000E+24
Mrt:           -1.550000E+24
Mrp:           -9.700000E+23
Mtp:           -2.970000E+24
