 PDE 2012 03 20 17 56 18.80   -3.8100  140.2700  66.0 6.2 6.2 IRIAN JAYA, INDONESIA
event name:   C201203201756A
time shift:           3.2000
half duration:        3.3000
latitude:            -3.9200
longitude:          140.3100
depth:               59.2000
Mrr:           -1.300000E+25
Mtt:            6.280000E+24
Mpp:            6.760000E+24
Mrt:           -1.890000E+25
Mrp:            1.940000E+25
Mtp:           -7.100000E+24
