 PDE 2019 12 19 12 35 31.30   13.7300  -91.2300  21.0 5.9 5.9 NEAR COAST OF GUATEMALA
event name:   C201912191235A
time shift:           3.8000
half duration:        2.2000
latitude:            13.5200
longitude:          -91.5700
depth:               29.2000
Mrr:            7.070000E+24
Mtt:           -5.670000E+24
Mpp:           -1.400000E+24
Mrt:            4.470000E+24
Mrp:           -3.060000E+24
Mtp:            2.780000E+24
