 PDE 2017 10 18 12 00 59.10  -20.5900 -173.8000  10.0 6.1 6.1 TONGA ISLANDS
event name:   C201710181200A
time shift:           5.7000
half duration:        2.8000
latitude:           -20.7200
longitude:         -173.2900
depth:               16.9000
Mrr:            1.260000E+25
Mtt:           -3.300000E+24
Mpp:           -9.320000E+24
Mrt:            6.670000E+24
Mrp:            1.290000E+25
Mtp:           -5.170000E+24
