 PDE 2012 09 08 10 51 44.20   -3.1800  135.1100  21.0 6.1 6.1 IRIAN JAYA REGION, INDONESIA
event name:   C201209081051A
time shift:           3.9000
half duration:        2.9000
latitude:            -3.2200
longitude:          134.9900
depth:               25.2000
Mrr:            7.230000E+24
Mtt:           -1.330000E+25
Mpp:            6.040000E+24
Mrt:           -4.990000E+24
Mrp:           -1.660000E+25
Mtp:           -3.440000E+24
