 PDE 2019 07 23 10 33 24.00  -61.2900  154.1200  10.0 6.1 6.0 BALLENY ISLANDS REGION
event name:   C201907231033A
time shift:           7.4000
half duration:        2.7000
latitude:           -61.3100
longitude:          154.2600
depth:               13.2000
Mrr:           -1.500000E+24
Mtt:            1.400000E+25
Mpp:           -1.250000E+25
Mrt:           -1.140000E+24
Mrp:           -5.400000E+23
Mtp:           -1.010000E+25
