 PDE 2019 06 25 09 05 40.50   56.2000  164.2300  10.0 6.4 6.4 KOMANDORSKIYE OSTROVA REGION
event name:   C201906250905A
time shift:           7.6000
half duration:        4.0000
latitude:            56.2400
longitude:          164.3400
depth:               16.3000
Mrr:            2.440000E+24
Mtt:           -2.530000E+25
Mpp:            2.280000E+25
Mrt:           -4.110000E+24
Mrp:           -2.360000E+24
Mtp:           -4.840000E+25
