 PDE 2018 04 10 10 19 34.40  -31.0300  -71.5300  66.0 6.2 6.2 NEAR COAST OF CENTRAL CHILE
event name:   C201804101019A
time shift:           2.1000
half duration:        3.2000
latitude:           -31.0500
longitude:          -71.5800
depth:               81.7000
Mrr:           -2.200000E+25
Mtt:            1.250000E+25
Mpp:            9.500000E+24
Mrt:            5.210000E+24
Mrp:           -1.830000E+25
Mtp:           -6.770000E+24
