 PDE 2010 01 15 10 14 03.00  -31.7300 -177.6100  10.0 5.9 5.9 KERMADEC ISLANDS REGION
event name:   C201001151014A
time shift:           5.8000
half duration:        2.1000
latitude:           -31.6100
longitude:         -177.1600
depth:               12.0000
Mrr:            6.020000E+24
Mtt:           -5.780000E+23
Mpp:           -5.440000E+24
Mrt:            6.870000E+23
Mrp:            5.030000E+24
Mtp:           -1.860000E+24
