 PDE 2010 08 14 07 30 16.90   12.3500  141.4900  10.0 6.1 6.2 SOUTH OF MARIANA ISLANDS
event name:   C201008140730A
time shift:           1.7000
half duration:        2.8000
latitude:            12.2700
longitude:          141.3800
depth:               12.0000
Mrr:           -1.730000E+25
Mtt:            1.100000E+25
Mpp:            6.230000E+24
Mrt:            1.180000E+24
Mrp:            5.450000E+24
Mtp:            8.270000E+24
