 PDE 2019 04 23 05 37 53.20   11.7600  125.2300  56.0 6.5 6.4 SAMAR, PHILIPPINES
event name:   C201904230537A
time shift:           2.4000
half duration:        4.1000
latitude:            11.8800
longitude:          125.1600
depth:               53.5000
Mrr:            2.510000E+25
Mtt:           -1.290000E+25
Mpp:           -1.210000E+25
Mrt:           -7.200000E+24
Mrp:           -5.120000E+25
Mtp:           -1.880000E+25
