 PDE 2019 09 14 16 21 27.60   -0.9800  128.5400   4.4 5.9 5.8 HALMAHERA, INDONESIA
event name:   C201909141621A
time shift:           4.6000
half duration:        2.1000
latitude:            -0.9400
longitude:          128.5700
depth:               12.0000
Mrr:            4.900000E+24
Mtt:           -3.250000E+24
Mpp:           -1.640000E+24
Mrt:            4.540000E+23
Mrp:            3.000000E+24
Mtp:            5.790000E+24
