 PDE 2019 12 06 15 42 44.40  -15.0200 -175.0800  10.0 5.8 5.8 TONGA ISLANDS
event name:   C201912061542A
time shift:          10.2000
half duration:        2.0000
latitude:           -15.2000
longitude:         -175.2600
depth:               15.0000
Mrr:           -1.020000E+24
Mtt:            4.820000E+24
Mpp:           -3.800000E+24
Mrt:            4.740000E+23
Mrp:           -6.310000E+23
Mtp:            5.900000E+24
