 PDE 2018 11 10 08 33 21.10  -20.4500 -174.0100  35.0 6.1 6.1 TONGA ISLANDS
event name:   C201811100833A
time shift:           3.4000
half duration:        2.7000
latitude:           -20.5300
longitude:         -173.7100
depth:               19.5000
Mrr:            1.330000E+25
Mtt:           -2.400000E+23
Mpp:           -1.310000E+25
Mrt:            4.630000E+24
Mrp:            7.800000E+24
Mtp:           -5.540000E+24
