 PDE 2018 09 28 06 59 59.70   -0.4000  119.7700   5.0 6.1 6.1 MINAHASSA PENINSULA, SULAWESI
event name:   C201809280700A
time shift:           3.0000
half duration:        2.6000
latitude:            -0.2500
longitude:          119.8900
depth:               12.0000
Mrr:           -2.870000E+24
Mtt:            4.300000E+23
Mpp:            2.440000E+24
Mrt:           -6.200000E+24
Mrp:           -2.590000E+24
Mtp:           -1.390000E+25
