 PDE 2019 12 24 19 03 52.50    3.5400  -74.0200  11.0 6.0 6.0 COLOMBIA
event name:   C201912241903A
time shift:           4.7000
half duration:        2.3000
latitude:             3.4500
longitude:          -74.1100
depth:               19.4000
Mrr:            3.420000E+24
Mtt:            6.600000E+24
Mpp:           -1.000000E+25
Mrt:           -4.950000E+24
Mrp:           -1.210000E+24
Mtp:            3.630000E+24
