 PDE 2016 12 14 02 01 22.80   21.2900  144.4000  22.4 6.0 6.0 MARIANA ISLANDS REGION
event name:   C201612140201A
time shift:           2.3000
half duration:        2.5000
latitude:            21.2200
longitude:          144.2900
depth:               12.0000
Mrr:           -3.900000E+24
Mtt:            2.720000E+24
Mpp:            1.180000E+24
Mrt:           -3.400000E+24
Mrp:            3.380000E+24
Mtp:           -1.300000E+25
