 PDE 2018 11 15 23 09 01.10  -56.2400 -122.0400  10.0 6.3 6.3 SOUTHERN EAST PACIFIC RISE
event name:   C201811152309A
time shift:           5.5000
half duration:        3.4000
latitude:           -56.2300
longitude:         -122.2600
depth:               12.0000
Mrr:           -3.830000E+24
Mtt:            1.480000E+25
Mpp:           -1.100000E+25
Mrt:           -6.790000E+24
Mrp:           -8.020000E+24
Mtp:            2.990000E+25
