 PDE 2019 06 16 05 17 14.90  -31.0000 -178.0800  21.0 6.3 6.3 KERMADEC ISLANDS REGION
event name:   C201906160517A
time shift:           5.4000
half duration:        3.6000
latitude:           -31.0700
longitude:         -177.7900
depth:               35.2000
Mrr:            3.200000E+25
Mtt:           -1.440000E+24
Mpp:           -3.060000E+25
Mrt:            4.260000E+24
Mrp:            2.470000E+25
Mtp:           -9.330000E+24
