 PDE 2019 08 01 18 28 07.30  -34.2400  -72.3100  25.0 6.8 6.8 NEAR COAST OF CENTRAL CHILE
event name:   C201908011828A
time shift:           9.1000
half duration:        6.0000
latitude:           -34.3200
longitude:          -72.2400
depth:               25.0000
Mrr:            8.240000E+25
Mtt:            1.100000E+24
Mpp:           -8.350000E+25
Mrt:           -5.200000E+24
Mrp:           -1.660000E+26
Mtp:           -1.640000E+25
