 PDE 2015 03 18 18 27 29.50  -36.1100  -73.5200  13.0 6.1 6.2 NEAR COAST OF CENTRAL CHILE
event name:   C201503181827A
time shift:           5.8000
half duration:        2.8000
latitude:           -36.1600
longitude:          -73.9000
depth:               12.0000
Mrr:            1.020000E+25
Mtt:            6.200000E+23
Mpp:           -1.080000E+25
Mrt:           -3.430000E+24
Mrp:           -1.570000E+25
Mtp:           -2.270000E+24
