 PDE 2019 06 18 16 05 17.40  -31.0200 -177.5500  15.0 6.0 5.9 KERMADEC ISLANDS REGION
event name:   C201906181605A
time shift:           5.3000
half duration:        2.4000
latitude:           -31.1100
longitude:         -177.2000
depth:               14.2000
Mrr:            7.670000E+24
Mtt:           -2.300000E+23
Mpp:           -7.440000E+24
Mrt:            1.350000E+24
Mrp:            8.470000E+24
Mtp:           -2.200000E+24
