 PDE 2016 09 17 01 20 17.90   -2.0800  140.5700   9.0 6.0 6.0 NEAR NORTH COAST OF IRIAN JAYA
event name:   C201609170120A
time shift:           2.6000
half duration:        2.3000
latitude:            -1.9200
longitude:          140.6100
depth:               12.0000
Mrr:           -8.330000E+24
Mtt:            8.870000E+24
Mpp:           -5.400000E+23
Mrt:            6.100000E+24
Mrp:            6.200000E+23
Mtp:            1.450000E+24
