 PDE 2017 01 02 13 13 48.70   -4.8900  -76.3700 106.0 5.9 5.9 NORTHERN PERU
event name:   C201701021313A
time shift:           1.8000
half duration:        2.2000
latitude:            -4.9500
longitude:          -76.4600
depth:              120.2000
Mrr:           -8.260000E+24
Mtt:           -8.200000E+23
Mpp:            9.070000E+24
Mrt:           -1.760000E+24
Mrp:            2.360000E+24
Mtp:           -2.460000E+24
