 PDE 2016 04 27 12 51 19.40   14.5200  -93.0900  16.0 6.0 6.0 NEAR COAST OF CHIAPAS, MEXICO
event name:   C201604271251A
time shift:           3.6000
half duration:        2.4000
latitude:            14.5500
longitude:          -93.3900
depth:               22.2000
Mrr:            9.510000E+24
Mtt:           -7.020000E+24
Mpp:           -2.500000E+24
Mrt:            5.740000E+24
Mrp:           -4.960000E+24
Mtp:            3.440000E+24
