 PDE 2018 12 19 01 37 40.50  -36.1400 -101.0700  10.0 6.2 6.3 SOUTHEAST OF EASTER ISLAND
event name:   C201812190137A
time shift:           3.8000
half duration:        3.2000
latitude:           -36.1700
longitude:         -101.0600
depth:               16.1000
Mrr:           -3.580000E+24
Mtt:           -3.640000E+24
Mpp:            7.220000E+24
Mrt:            3.560000E+24
Mrp:           -4.990000E+24
Mtp:           -2.680000E+25
