 PDE 2011 07 09 13 54 23.60  -29.3900 -177.1200  19.0 5.9 5.8 KERMADEC ISLANDS, NEW ZEALAND
event name:   C201107091354A
time shift:          -2.1000
half duration:        2.1000
latitude:           -29.1200
longitude:         -176.7700
depth:               25.1000
Mrr:            4.680000E+24
Mtt:           -4.380000E+23
Mpp:           -4.240000E+24
Mrt:            1.920000E+24
Mrp:            7.100000E+24
Mtp:           -7.480000E+23
