 PDE 2019 09 29 15 57 53.20  -35.4800  -73.1600  11.0 6.7 6.7 OFF COAST OF CENTRAL CHILE
event name:   C201909291557A
time shift:           7.5000
half duration:        5.6000
latitude:           -35.5600
longitude:          -73.1000
depth:               16.7000
Mrr:            6.120000E+25
Mtt:            1.700000E+24
Mpp:           -6.290000E+25
Mrt:            3.000000E+24
Mrp:           -1.390000E+26
Mtp:           -8.400000E+24
