 PDE 2012 12 15 04 49 29.60   52.2900  174.0100  26.0 6.0 6.0 NEAR ISLANDS, ALEUTIAN ISLANDS
event name:   C201212150449A
time shift:           4.5000
half duration:        2.5000
latitude:            52.3100
longitude:          173.9600
depth:               32.8000
Mrr:            7.130000E+24
Mtt:           -9.150000E+24
Mpp:            2.020000E+24
Mrt:            7.930000E+24
Mrp:            6.800000E+24
Mtp:           -1.320000E+24
