 PDE 2010 10 04 13 28 38.90   24.2700  125.1500  32.0 6.3 6.3 SOUTHWESTERN RYUKYU ISL., JAPAN
event name:   C201010041328A
time shift:           2.3000
half duration:        3.3000
latitude:            24.0900
longitude:          125.2600
depth:               32.2000
Mrr:            1.910000E+25
Mtt:           -7.740000E+24
Mpp:           -1.140000E+25
Mrt:            1.230000E+25
Mrp:            7.660000E+24
Mtp:            2.390000E+25
