 PDE 2011 07 09 19 35 18.80  -29.4400 -177.0100  15.2 5.9 5.9 KERMADEC ISLANDS, NEW ZEALAND
event name:   C201107091935A
time shift:           6.6000
half duration:        2.2000
latitude:           -29.2100
longitude:         -176.8000
depth:               23.1000
Mrr:            7.160000E+24
Mtt:           -9.000000E+22
Mpp:           -7.080000E+24
Mrt:            1.220000E+24
Mrp:            5.420000E+24
Mtp:           -1.830000E+24
