 PDE 2016 09 05 22 54 03.90   54.4200  168.5400   8.0 6.2 6.1 KOMANDORSKIYE OSTROVA REGION
event name:   C201609052254A
time shift:           6.7000
half duration:        3.1000
latitude:            54.7600
longitude:          168.3900
depth:               13.8000
Mrr:           -9.900000E+23
Mtt:           -2.180000E+25
Mpp:            2.280000E+25
Mrt:           -7.670000E+24
Mrp:           -8.120000E+24
Mtp:           -3.850000E+24
