 PDE 2010 01 19 14 23 38.80   19.0000  -80.8000  10.0 5.9 5.9 CUBA REGION
event name:   C201001191423A
time shift:           4.7000
half duration:        2.2000
latitude:            18.9900
longitude:          -80.9100
depth:               19.5000
Mrr:           -2.920000E+23
Mtt:           -3.150000E+24
Mpp:            3.440000E+24
Mrt:            1.340000E+24
Mrp:           -5.870000E+23
Mtp:            7.840000E+24
