 PDE 2010 03 11 14 55 27.50  -34.3200  -71.8000  18.0 7.0 6.7 NEAR COAST OF CENTRAL CHILE
event name:   C201003111455A
time shift:           8.1000
half duration:        7.4000
latitude:           -34.5300
longitude:          -72.1300
depth:               16.3000
Mrr:           -5.900000E+25
Mtt:            2.400000E+24
Mpp:            5.660000E+25
Mrt:           -1.270000E+26
Mrp:            3.200000E+26
Mtp:            2.700000E+24
