 PDE 2017 05 12 10 41 26.70   12.9100  -90.0700  16.0 6.2 6.2 OFF COAST OF CENTRAL AMERICA
event name:   C201705121041A
time shift:           2.3000
half duration:        3.1000
latitude:            12.6900
longitude:          -90.3800
depth:               17.7000
Mrr:           -2.220000E+25
Mtt:           -4.670000E+24
Mpp:            2.690000E+25
Mrt:            8.520000E+24
Mrp:           -4.500000E+23
Mtp:           -3.460000E+24
