 PDE 2011 12 07 22 23 09.70  -27.9000  -70.9200  20.0 6.1 6.1 NEAR COAST OF NORTHERN CHILE
event name:   C201112072223A
time shift:           4.6000
half duration:        2.7000
latitude:           -28.0300
longitude:          -71.5500
depth:               22.8000
Mrr:            1.120000E+25
Mtt:            1.160000E+24
Mpp:           -1.240000E+25
Mrt:            1.610000E+24
Mrp:           -1.090000E+25
Mtp:           -1.290000E+24
