 PDE 2011 04 09 12 57 48.80   30.0000  131.7800  17.3 6.0 6.0 KYUSHU, JAPAN
event name:   C201104091257A
time shift:           1.2000
half duration:        2.4000
latitude:            30.0400
longitude:          131.8400
depth:               12.2000
Mrr:           -1.040000E+25
Mtt:           -5.400000E+23
Mpp:            1.090000E+25
Mrt:            2.520000E+24
Mrp:            3.520000E+24
Mtp:            1.800000E+24
