 PDE 2019 06 21 08 37 17.00  -30.8600 -177.4700  14.0 6.3 6.3 KERMADEC ISLANDS, NEW ZEALAND
event name:   C201906210837A
time shift:           7.2000
half duration:        3.3000
latitude:           -30.8000
longitude:         -177.0800
depth:               12.0000
Mrr:            2.390000E+25
Mtt:            1.600000E+23
Mpp:           -2.400000E+25
Mrt:            4.720000E+24
Mrp:            1.720000E+25
Mtp:           -7.840000E+24
