 PDE 2017 04 23 02 36 07.80  -33.0300  -72.0200  21.0 6.0 6.0 OFF COAST OF CENTRAL CHILE
event name:   C201704230236A
time shift:           4.1000
half duration:        2.4000
latitude:           -33.0600
longitude:          -72.0400
depth:               23.0000
Mrr:            7.850000E+24
Mtt:            2.700000E+23
Mpp:           -8.120000E+24
Mrt:           -6.200000E+23
Mrp:           -8.190000E+24
Mtp:           -3.900000E+23
