 PDE 2018 10 22 05 39 39.60   49.2600 -129.4100  10.0 6.5 6.5 VANCOUVER ISLAND, CANADA REGION
event name:   C201810220539A
time shift:           5.7000
half duration:        4.3000
latitude:            48.9500
longitude:         -129.5400
depth:               15.2000
Mrr:           -3.270000E+24
Mtt:           -6.510000E+25
Mpp:            6.840000E+25
Mrt:           -1.650000E+24
Mrp:           -1.310000E+24
Mtp:           -1.950000E+25
