 PDE 2011 08 16 11 03 57.70   -2.3300  128.0000  35.0 6.0 6.0 CERAM SEA
event name:   C201108161103A
time shift:           1.4000
half duration:        2.5000
latitude:            -2.1700
longitude:          127.9700
depth:               27.7000
Mrr:            3.710000E+24
Mtt:            8.930000E+24
Mpp:           -1.260000E+25
Mrt:           -1.660000E+24
Mrp:            2.080000E+24
Mtp:            7.460000E+24
