 PDE 2015 09 07 14 06 27.80  -32.8300 -178.2000  10.0 5.9 5.9 SOUTH OF KERMADEC ISLANDS
event name:   C201509071406A
time shift:           5.3000
half duration:        2.2000
latitude:           -32.9400
longitude:         -177.7600
depth:               14.5000
Mrr:            5.220000E+24
Mtt:           -3.700000E+23
Mpp:           -4.860000E+24
Mrt:            1.490000E+24
Mrp:            6.890000E+24
Mtp:           -1.760000E+24
