 PDE 2017 06 03 19 17 34.00  -62.5800  155.8300  10.0 5.9 5.9 BALLENY ISLANDS REGION
event name:   C201706031917A
time shift:           4.1000
half duration:        2.3000
latitude:           -62.5700
longitude:          155.4000
depth:               12.0000
Mrr:           -7.600000E+23
Mtt:            8.490000E+24
Mpp:           -7.740000E+24
Mrt:           -2.080000E+24
Mrp:           -4.300000E+23
Mtp:           -5.510000E+24
