 PDE 2012 06 07 16 03 18.90  -15.8800  -72.4100 110.0 6.2 6.1 SOUTHERN PERU
event name:   C201206071603A
time shift:           2.2000
half duration:        2.9000
latitude:           -15.9800
longitude:          -72.7000
depth:              119.9000
Mrr:            1.950000E+24
Mtt:           -1.350000E+25
Mpp:            1.160000E+25
Mrt:           -2.440000E+24
Mrp:           -1.210000E+25
Mtp:           -1.270000E+25
