 PDE 2011 06 01 12 55 22.40  -37.5800  -73.6900  21.0 6.3 6.3 NEAR COAST OF CENTRAL CHILE
event name:   C201106011255A
time shift:           3.0000
half duration:        3.6000
latitude:           -37.7400
longitude:          -74.4100
depth:               12.0000
Mrr:            2.250000E+25
Mtt:            1.600000E+23
Mpp:           -2.270000E+25
Mrt:           -1.940000E+24
Mrp:           -3.400000E+25
Mtp:           -7.500000E+23
