 PDE 2018 11 15 20 02 22.90  -56.7100  -25.5500  15.0 6.4 6.4 SOUTH SANDWICH ISLANDS REGION
event name:   C201811152002A
time shift:           7.2000
half duration:        3.8000
latitude:           -56.7900
longitude:          -25.0800
depth:               17.7000
Mrr:            3.900000E+25
Mtt:           -1.010000E+24
Mpp:           -3.800000E+25
Mrt:           -8.430000E+24
Mrp:            2.620000E+25
Mtp:            1.300000E+25
