 PDE 2018 04 07 05 48 40.00   -5.8400  142.5300  18.1 6.3 6.3 NEW GUINEA, PAPUA NEW GUINEA
event name:   C201804070548A
time shift:           7.8000
half duration:        3.3000
latitude:            -5.9500
longitude:          142.5700
depth:               23.3000
Mrr:            2.230000E+25
Mtt:           -1.240000E+25
Mpp:           -9.920000E+24
Mrt:            5.200000E+24
Mrp:           -8.500000E+23
Mtp:            2.730000E+25
