 PDE 2012 01 19 06 48 48.80  -46.6900  165.7800  20.0 5.9 5.9 OFF W. COAST OF S. ISLAND, N.Z.
event name:   C201201190648A
time shift:           4.1000
half duration:        2.3000
latitude:           -46.6200
longitude:          165.3800
depth:               18.9000
Mrr:            3.300000E+24
Mtt:            1.990000E+24
Mpp:           -5.290000E+24
Mrt:            4.450000E+24
Mrp:           -7.530000E+24
Mtp:           -2.100000E+23
