 PDE 2016 04 17 07 14 00.80   -0.3800  -80.2000  24.0 6.0 5.8 NEAR COAST OF ECUADOR
event name:   C201604170713A
time shift:           2.3000
half duration:        2.4000
latitude:            -0.5100
longitude:          -80.7000
depth:               37.4000
Mrr:            1.300000E+25
Mtt:           -3.850000E+24
Mpp:           -9.190000E+24
Mrt:            5.000000E+23
Mrp:           -5.110000E+24
Mtp:           -5.600000E+23
