 PDE 2012 11 14 19 02 06.10  -29.1200  -71.1900  63.0 6.2 6.2 NEAR COAST OF CENTRAL CHILE
event name:   C201211141902A
time shift:           1.6000
half duration:        3.0000
latitude:           -29.3200
longitude:          -71.6600
depth:               69.4000
Mrr:           -8.230000E+24
Mtt:            1.870000E+24
Mpp:            6.360000E+24
Mrt:            6.100000E+23
Mrp:           -2.060000E+25
Mtp:            8.560000E+24
