 PDE 2019 01 21 23 59 23.90  -10.3300  119.1500  26.0 6.1 6.0 SUMBA REGION, INDONESIA
event name:   C201901212359A
time shift:           4.4000
half duration:        2.7000
latitude:           -10.3200
longitude:          119.0900
depth:               20.4000
Mrr:            1.150000E+25
Mtt:           -1.260000E+25
Mpp:            1.150000E+24
Mrt:            1.220000E+25
Mrp:           -1.770000E+24
Mtp:           -1.160000E+24
