 PDE 2018 03 10 21 45 36.30   -1.4200  -15.2100  10.0 6.0 5.9 NORTH OF ASCENSION ISLAND
event name:   C201803102145A
time shift:           3.5000
half duration:        2.3000
latitude:            -1.1200
longitude:          -15.1200
depth:               19.5000
Mrr:           -1.420000E+24
Mtt:            4.460000E+24
Mpp:           -3.040000E+24
Mrt:            1.260000E+24
Mrp:            2.650000E+24
Mtp:           -9.890000E+24
