 PDE 2018 05 16 17 22 17.30  -33.7800 -179.5000  34.0 5.9 5.9 SOUTH OF KERMADEC ISLANDS
event name:   C201805161722A
time shift:           3.7000
half duration:        2.1000
latitude:           -33.9100
longitude:         -179.1800
depth:               40.8000
Mrr:            7.280000E+24
Mtt:            0.000000E+00
Mpp:           -7.280000E+24
Mrt:            2.400000E+23
Mrp:            3.590000E+24
Mtp:           -2.450000E+24
