 PDE 2017 05 24 16 36 00.00   52.3200 -166.6700  10.0 5.8 5.9 FOX ISLANDS, ALEUTIAN ISLANDS
event name:   C201705241636A
time shift:           5.4000
half duration:        2.0000
latitude:            52.2600
longitude:         -166.6500
depth:               12.0000
Mrr:           -6.120000E+24
Mtt:            6.140000E+24
Mpp:           -1.500000E+22
Mrt:           -7.850000E+23
Mrp:            1.190000E+24
Mtp:            2.260000E+24
