 PDE 2011 01 31 06 03 27.30  -22.0100 -175.6200  76.0 6.0 6.0 TONGA ISLANDS REGION
event name:   C201101310603A
time shift:           4.3000
half duration:        2.4000
latitude:           -21.9100
longitude:         -175.1300
depth:               89.5000
Mrr:           -1.500000E+24
Mtt:            8.230000E+24
Mpp:           -6.720000E+24
Mrt:            5.080000E+24
Mrp:           -6.500000E+24
Mtp:           -6.100000E+24
