 PDE 2015 07 06 12 24 08.60  -20.7100 -174.5000  44.0 5.8 5.8 TONGA ISLANDS
event name:   C201507061224A
time shift:           2.4000
half duration:        1.9000
latitude:           -20.7600
longitude:         -174.3200
depth:               48.2000
Mrr:            4.390000E+24
Mtt:            3.190000E+23
Mpp:           -4.710000E+24
Mrt:            2.040000E+24
Mrp:           -2.950000E+24
Mtp:            2.440000E+24
