 PDE 2019 10 23 16 08 14.50   -1.1000  -13.8400  10.0 6.3 6.3 NORTH OF ASCENSION ISLAND
event name:   C201910231608A
time shift:           3.9000
half duration:        3.4000
latitude:            -0.9100
longitude:          -13.7200
depth:               12.0000
Mrr:           -3.180000E+24
Mtt:            1.460000E+25
Mpp:           -1.140000E+25
Mrt:            1.010000E+25
Mrp:           -4.330000E+24
Mtp:           -2.980000E+25
