 PDE 2017 03 27 10 50 20.20   52.7600  172.2600  20.0 6.2 6.2 NEAR ISLANDS, ALEUTIAN ISLANDS
event name:   C201703271050A
time shift:           4.2000
half duration:        3.2000
latitude:            52.7100
longitude:          172.2400
depth:               28.6000
Mrr:            1.170000E+25
Mtt:           -1.730000E+25
Mpp:            5.600000E+24
Mrt:            1.920000E+25
Mrp:            1.270000E+25
Mtp:            3.000000E+22
