 PDE 2014 03 13 17 06 50.80   33.6800  131.8200  79.0 6.3 6.3 KYUSHU, JAPAN
event name:   C201403131706A
time shift:           4.4000
half duration:        3.5000
latitude:            33.6200
longitude:          131.8200
depth:               82.5000
Mrr:            1.070000E+25
Mtt:           -3.670000E+24
Mpp:           -7.080000E+24
Mrt:           -1.060000E+25
Mrp:            3.000000E+25
Mtp:           -1.660000E+25
