 PDE 2019 01 22 05 10 03.50  -10.4100  119.0200  24.0 6.4 6.3 SUMBA REGION, INDONESIA
event name:   C201901220510A
time shift:           5.9000
half duration:        4.0000
latitude:           -10.3700
longitude:          119.0700
depth:               19.4000
Mrr:            3.950000E+25
Mtt:           -4.200000E+25
Mpp:            2.530000E+24
Mrt:            4.110000E+25
Mrp:           -8.400000E+23
Mtp:           -3.870000E+24
