 PDE 2019 04 09 17 53 58.40  -58.6300  -25.3000  38.0 6.5 6.5 SOUTH SANDWICH ISLANDS REGION
event name:   C201904091754A
time shift:           5.4000
half duration:        4.5000
latitude:           -58.7100
longitude:          -24.6000
depth:               42.6000
Mrr:            5.470000E+25
Mtt:           -6.810000E+25
Mpp:            1.340000E+25
Mrt:            2.510000E+25
Mrp:            3.870000E+25
Mtp:           -2.790000E+24
