 PDE 2019 01 20 01 32 52.50  -30.0400  -71.3800  63.0 6.6 6.7 NEAR COAST OF CENTRAL CHILE
event name:   C201901200132A
time shift:           5.7000
half duration:        5.1000
latitude:           -30.1800
longitude:          -71.3900
depth:               60.7000
Mrr:           -1.250000E+26
Mtt:            3.840000E+25
Mpp:            8.710000E+25
Mrt:           -3.670000E+25
Mrp:           -1.580000E+25
Mtp:            1.410000E+25
