 PDE 2011 07 09 15 02 27.20  -29.3400 -177.0500  14.0 6.0 6.0 KERMADEC ISLANDS, NEW ZEALAND
event name:   C201107091502A
time shift:           7.6000
half duration:        2.3000
latitude:           -29.1500
longitude:         -176.7300
depth:               23.1000
Mrr:            8.400000E+24
Mtt:           -6.900000E+23
Mpp:           -7.700000E+24
Mrt:            1.870000E+24
Mrp:            6.480000E+24
Mtp:           -2.140000E+24
