 PDE 2018 01 19 16 17 44.70   26.6900 -111.0800  10.0 6.3 6.3 GULF OF CALIFORNIA
event name:   C201801191617A
time shift:           3.2000
half duration:        3.3000
latitude:            26.7800
longitude:         -111.0600
depth:               17.3000
Mrr:           -2.010000E+24
Mtt:           -3.040000E+25
Mpp:            3.240000E+25
Mrt:           -9.700000E+23
Mrp:           -4.630000E+24
Mtp:           -6.120000E+24
