 PDE 2016 04 15 14 11 26.90   13.4100  -92.3500  25.0 6.0 6.1 OFF COAST OF CHIAPAS, MEXICO
event name:   C201604151411A
time shift:           1.3000
half duration:        2.5000
latitude:            13.4900
longitude:          -92.6700
depth:               12.0000
Mrr:           -1.290000E+25
Mtt:            8.080000E+24
Mpp:            4.820000E+24
Mrt:           -1.350000E+24
Mrp:            1.720000E+24
Mtp:           -7.020000E+24
