 PDE 2018 12 31 02 35 37.70   54.4300 -161.5100  31.0 6.1 6.0 ALASKA PENINSULA
event name:   C201812310235A
time shift:           4.1000
half duration:        2.6000
latitude:            54.2900
longitude:         -161.4100
depth:               37.5000
Mrr:            1.100000E+25
Mtt:           -8.070000E+24
Mpp:           -2.970000E+24
Mrt:            8.770000E+24
Mrp:            5.880000E+24
Mtp:           -6.240000E+24
