 PDE 2012 04 25 07 42 23.40    9.0100   93.9400   9.0 5.8 5.7 NICOBAR ISLANDS, INDIA REGION
event name:   C201204250742A
time shift:           2.8000
half duration:        2.1000
latitude:             8.8900
longitude:           94.0700
depth:               17.0000
Mrr:           -1.900000E+24
Mtt:           -4.310000E+24
Mpp:            6.210000E+24
Mrt:           -3.430000E+24
Mrp:           -1.090000E+24
Mtp:            3.730000E+24
