 PDE 2019 05 16 22 52 44.00   -4.5900 -105.7300  10.0 5.8 5.9 CENTRAL EAST PACIFIC RISE
event name:   C201905162252A
time shift:           2.5000
half duration:        2.0000
latitude:            -4.4900
longitude:         -105.7600
depth:               12.0000
Mrr:            6.400000E+22
Mtt:            2.310000E+24
Mpp:           -2.370000E+24
Mrt:            2.680000E+23
Mrp:            1.850000E+24
Mtp:            6.560000E+24
