 PDE 2011 08 22 20 12 21.00   -6.2800  104.0500  29.0 6.1 6.1 SUNDA STRAIT, INDONESIA
event name:   C201108222012A
time shift:           2.8000
half duration:        2.7000
latitude:            -6.6800
longitude:          103.9300
depth:               30.9000
Mrr:            1.200000E+25
Mtt:           -9.210000E+24
Mpp:           -2.760000E+24
Mrt:            9.280000E+24
Mrp:           -5.870000E+24
Mtp:            6.190000E+24
