 PDE 2011 02 20 21 43 24.10   55.9200  162.1200  33.0 6.2 6.2 NEAR EAST COAST OF KAMCHATKA
event name:   C201102202143A
time shift:           3.9000
half duration:        3.0000
latitude:            55.8000
longitude:          162.6000
depth:               25.0000
Mrr:           -2.470000E+24
Mtt:            1.820000E+24
Mpp:            6.400000E+23
Mrt:            3.740000E+24
Mrp:            2.300000E+25
Mtp:           -9.000000E+22
