 PDE 2018 08 19 14 56 27.50   -8.3200  116.6300  21.0 6.9 6.9 SUMBAWA REGION, INDONESIA
event name:   C201808191456A
time shift:           8.1000
half duration:        7.1000
latitude:            -8.4000
longitude:          116.7500
depth:               23.5000
Mrr:            2.250000E+26
Mtt:           -2.500000E+26
Mpp:            2.430000E+25
Mrt:           -2.020000E+26
Mrp:           -3.070000E+25
Mtp:            4.000000E+23
