 PDE 2017 10 19 09 02 02.20   28.3200  131.2100  14.0 5.9 5.9 SOUTHEAST OF RYUKYU ISLANDS
event name:   C201710190902A
time shift:           2.4000
half duration:        2.2000
latitude:            28.3600
longitude:          131.2100
depth:               17.0000
Mrr:           -8.940000E+24
Mtt:            1.510000E+24
Mpp:            7.430000E+24
Mrt:            6.100000E+23
Mrp:            2.330000E+24
Mtp:            1.770000E+24
