 PDE 2017 07 04 16 05 58.90  -35.5100  -73.3400  13.0 5.8 5.9 OFF COAST OF CENTRAL CHILE
event name:   C201707041605A
time shift:           5.2000
half duration:        2.1000
latitude:           -35.5900
longitude:          -73.5600
depth:               12.0000
Mrr:            4.360000E+24
Mtt:            1.150000E+23
Mpp:           -4.470000E+24
Mrt:           -9.150000E+23
Mrp:           -5.920000E+24
Mtp:           -1.540000E+24
