 PDE 2011 07 09 06 53 46.90  -21.2100 -174.5400  16.0 5.8 5.9 TONGA ISLANDS
event name:   C201107090653A
time shift:           3.6000
half duration:        2.0000
latitude:           -21.4300
longitude:         -173.9400
depth:               18.2000
Mrr:            5.690000E+24
Mtt:           -6.590000E+23
Mpp:           -5.030000E+24
Mrt:            1.950000E+24
Mrp:            3.150000E+24
Mtp:           -2.650000E+24
