 PDE 2014 04 03 05 26 15.70  -20.8000  -70.5900  25.0 6.5 6.4 NEAR COAST OF NORTHERN CHILE
event name:   C201404030526A
time shift:           7.1000
half duration:        4.3000
latitude:           -20.7200
longitude:          -70.9000
depth:               32.2000
Mrr:            6.040000E+25
Mtt:           -7.700000E+24
Mpp:           -5.270000E+25
Mrt:            1.370000E+25
Mrp:           -4.030000E+25
Mtp:            2.130000E+24
