 PDE 2010 12 07 18 17 39.40   54.3600  169.1200  10.0 5.8 5.8 KOMANDORSKIYE OSTROVA REGION
event name:   C201012071817A
time shift:           5.8000
half duration:        1.9000
latitude:            54.3800
longitude:          169.0900
depth:               19.6000
Mrr:            1.730000E+24
Mtt:           -4.030000E+24
Mpp:            2.300000E+24
Mrt:           -3.730000E+23
Mrp:           -2.550000E+24
Mtp:           -4.560000E+24
