 PDE 2019 06 15 21 56 10.80  -21.1800 -174.1700  13.0 6.1 6.1 TONGA ISLANDS
event name:   C201906152156A
time shift:           5.6000
half duration:        2.7000
latitude:           -21.3300
longitude:         -174.0100
depth:               14.8000
Mrr:            1.380000E+25
Mtt:           -2.900000E+23
Mpp:           -1.360000E+25
Mrt:            4.060000E+24
Mrp:            8.870000E+24
Mtp:           -6.280000E+24
