 PDE 2014 04 03 09 30 24.90   -5.2400  102.2800  44.1 5.9 5.7 SOUTHERN SUMATRA, INDONESIA
event name:   C201404030930A
time shift:           2.9000
half duration:        2.1000
latitude:            -5.4700
longitude:          101.8300
depth:               34.6000
Mrr:            8.510000E+24
Mtt:           -3.560000E+24
Mpp:           -4.950000E+24
Mrt:            2.310000E+24
Mrp:           -3.880000E+24
Mtp:            2.500000E+24
