 PDE 2012 01 23 16 04 53.00  -36.4100  -73.0300  20.0 6.1 6.2 NEAR COAST OF CENTRAL CHILE
event name:   C201201231604A
time shift:           4.1000
half duration:        2.8000
latitude:           -36.5000
longitude:          -73.4200
depth:               22.2000
Mrr:            1.110000E+25
Mtt:            6.000000E+23
Mpp:           -1.170000E+25
Mrt:           -2.500000E+23
Mrp:           -1.500000E+25
Mtp:           -1.630000E+24
