 PDE 2014 02 02 09 26 37.80  -32.9100 -177.8800  44.3 6.4 6.5 SOUTH OF KERMADEC ISLANDS
event name:   C201402020926A
time shift:           3.5000
half duration:        4.0000
latitude:           -32.9700
longitude:         -177.6900
depth:               50.6000
Mrr:            4.990000E+25
Mtt:           -2.080000E+25
Mpp:           -2.910000E+25
Mrt:           -1.400000E+25
Mrp:           -6.610000E+24
Mtp:           -2.870000E+25
