 PDE 2017 01 29 14 59 52.00  -30.0900 -177.4500  18.0 5.9 5.9 KERMADEC ISLANDS, NEW ZEALAND
event name:   C201701291459A
time shift:           3.9000
half duration:        2.1000
latitude:           -30.1500
longitude:         -177.1900
depth:               24.2000
Mrr:            6.960000E+24
Mtt:           -4.500000E+23
Mpp:           -6.510000E+24
Mrt:            9.200000E+23
Mrp:            4.600000E+24
Mtp:           -1.970000E+24
