 PDE 2018 10 30 15 12 00.60   37.5100   20.5100  11.0 5.9 5.7 IONIAN SEA
event name:   C201810301512A
time shift:           1.2000
half duration:        2.2000
latitude:            37.4700
longitude:           20.6600
depth:               15.8000
Mrr:            4.450000E+23
Mtt:            8.040000E+23
Mpp:           -1.250000E+24
Mrt:            5.560000E+24
Mrp:           -6.490000E+24
Mtp:            1.300000E+23
