 PDE 2018 08 09 05 25 32.40   -8.3100  116.2300  15.0 5.9 5.9 SUMBAWA REGION, INDONESIA
event name:   C201808090525A
time shift:           2.5000
half duration:        2.2000
latitude:            -8.3800
longitude:          116.2000
depth:               21.9000
Mrr:            6.780000E+24
Mtt:           -7.030000E+24
Mpp:            2.500000E+23
Mrt:           -5.770000E+24
Mrp:           -8.100000E+23
Mtp:           -1.070000E+24
