 PDE 2011 06 26 12 16 38.60   -2.3800  136.6300  17.0 6.4 6.4 IRIAN JAYA REGION, INDONESIA
event name:   C201106261216A
time shift:           5.3000
half duration:        3.7000
latitude:            -2.2700
longitude:          136.6100
depth:               13.2000
Mrr:            1.940000E+24
Mtt:           -4.170000E+25
Mpp:            3.970000E+25
Mrt:           -6.300000E+23
Mrp:            7.380000E+24
Mtp:            1.300000E+25
