 PDE 2017 12 03 11 19 05.40   -0.4700  -80.3100  17.0 6.2 6.1 NEAR COAST OF ECUADOR
event name:   C201712031119A
time shift:           4.4000
half duration:        3.1000
latitude:            -0.5800
longitude:          -80.6000
depth:               29.2000
Mrr:            1.290000E+25
Mtt:            1.500000E+24
Mpp:           -1.440000E+25
Mrt:            2.850000E+24
Mrp:           -2.030000E+25
Mtp:           -2.250000E+24
