 PDE 2017 01 03 22 40 12.60  -19.1200  176.1900  10.0 6.0 6.0 SOUTH OF FIJI ISLANDS
event name:   C201701032240A
time shift:           4.8000
half duration:        2.5000
latitude:           -19.1300
longitude:          176.0800
depth:               14.5000
Mrr:           -1.380000E+25
Mtt:            2.870000E+24
Mpp:            1.100000E+25
Mrt:           -3.600000E+23
Mrp:            1.300000E+24
Mtp:            4.980000E+24
