 PDE 2017 07 26 10 32 57.40   26.9000  130.1800  12.0 6.0 6.0 SOUTHEAST OF RYUKYU ISLANDS
event name:   C201707261032A
time shift:           3.7000
half duration:        2.3000
latitude:            26.9000
longitude:          130.1300
depth:               12.0000
Mrr:           -9.350000E+24
Mtt:            2.350000E+24
Mpp:            7.000000E+24
Mrt:            2.890000E+24
Mrp:            4.290000E+24
Mtp:            5.380000E+24
