 PDE 2010 03 03 17 44 25.00  -36.6100  -73.3600  20.0 6.1 6.1 NEAR COAST OF CENTRAL CHILE
event name:   C201003031744A
time shift:           5.3000
half duration:        2.7000
latitude:           -36.7000
longitude:          -73.6900
depth:               16.3000
Mrr:            6.980000E+24
Mtt:            4.000000E+23
Mpp:           -7.380000E+24
Mrt:           -3.500000E+23
Mrp:           -1.640000E+25
Mtp:           -1.090000E+24
