 PDE 2017 11 09 07 42 11.00   32.5200  141.4400  12.0 6.0 6.0 SOUTHEAST OF HONSHU, JAPAN
event name:   C201711090742A
time shift:           5.0000
half duration:        2.4000
latitude:            32.4500
longitude:          141.5200
depth:               18.7000
Mrr:            1.070000E+25
Mtt:            8.100000E+23
Mpp:           -1.150000E+25
Mrt:           -7.200000E+23
Mrp:            4.640000E+24
Mtp:           -2.600000E+23
