 PDE 2012 04 21 01 25 13.20   -1.6300  134.2000  17.4 6.0 6.0 IRIAN JAYA REGION, INDONESIA
event name:   C201204210125A
time shift:           2.0000
half duration:        2.5000
latitude:            -1.6200
longitude:          134.2700
depth:               12.0000
Mrr:           -2.980000E+24
Mtt:           -3.840000E+24
Mpp:            6.820000E+24
Mrt:           -3.530000E+24
Mrp:            3.660000E+24
Mtp:            1.110000E+25
