 PDE 2017 09 23 12 53 01.50   16.6300  -95.0800  10.0 6.0 6.1 OAXACA, MEXICO
event name:   C201709231253A
time shift:           3.1000
half duration:        2.6000
latitude:            16.7200
longitude:          -95.1100
depth:               12.8000
Mrr:           -1.230000E+25
Mtt:            1.300000E+25
Mpp:           -6.700000E+23
Mrt:            7.900000E+23
Mrp:           -3.090000E+24
Mtp:            6.890000E+24
