 PDE 2016 03 19 11 26 33.20   18.0000  -60.7000  26.0 6.0 6.0 LEEWARD ISLANDS
event name:   C201603191126A
time shift:           3.9000
half duration:        2.6000
latitude:            18.0700
longitude:          -60.6900
depth:               38.5000
Mrr:            6.760000E+24
Mtt:           -7.400000E+23
Mpp:           -6.020000E+24
Mrt:           -9.190000E+24
Mrp:            4.700000E+23
Mtp:           -9.380000E+24
