 PDE 2019 12 25 03 36 01.60   50.6100 -129.9600   6.6 6.3 6.3 VANCOUVER ISLAND, CANADA REGION
event name:   C201912250335A
time shift:           3.3000
half duration:        3.4000
latitude:            50.4100
longitude:         -130.2200
depth:               14.9000
Mrr:           -1.370000E+24
Mtt:           -2.110000E+25
Mpp:            2.240000E+25
Mrt:           -5.000000E+22
Mrp:           -3.530000E+24
Mtp:            2.410000E+25
