 PDE 2010 06 18 23 09 31.00   13.2000   93.0900  20.0 5.9 5.9 ANDAMAN ISLANDS, INDIA REGION
event name:   C201006182309A
time shift:           3.3000
half duration:        2.2000
latitude:            13.2100
longitude:           93.1200
depth:               20.1000
Mrr:            7.290000E+24
Mtt:           -3.670000E+24
Mpp:           -3.620000E+24
Mrt:           -2.200000E+23
Mrp:            3.900000E+24
Mtp:            4.930000E+24
