 PDE 2018 07 23 10 35 59.60   -0.3000  -19.2500  10.0 6.0 6.0 CENTRAL MID-ATLANTIC RIDGE
event name:   C201807231036A
time shift:           3.0000
half duration:        2.3000
latitude:            -0.1800
longitude:          -19.1800
depth:               12.0000
Mrr:           -1.230000E+24
Mtt:            3.680000E+24
Mpp:           -2.450000E+24
Mrt:            2.740000E+24
Mrp:            2.200000E+23
Mtp:           -9.690000E+24
