 PDE 2018 08 28 22 35 13.40   16.8000  146.8400  55.0 6.5 6.4 MARIANA ISLANDS
event name:   C201808282235A
time shift:           4.1000
half duration:        4.1000
latitude:            16.6400
longitude:          147.0500
depth:               55.5000
Mrr:           -1.600000E+23
Mtt:            2.280000E+25
Mpp:           -2.260000E+25
Mrt:           -3.450000E+25
Mrp:            4.300000E+25
Mtp:           -1.310000E+25
