 PDE 2011 10 07 08 58 28.60  -32.5400 -179.0400  34.0 6.1 6.1 SOUTH OF KERMADEC ISLANDS
event name:   C201110070858A
time shift:           4.7000
half duration:        2.8000
latitude:           -32.4900
longitude:         -178.7300
depth:               48.6000
Mrr:            1.570000E+25
Mtt:           -2.580000E+24
Mpp:           -1.310000E+25
Mrt:            3.960000E+24
Mrp:            7.150000E+24
Mtp:           -6.940000E+24
