 PDE 2016 04 22 03 20 13.40   -0.2800  -80.5000  10.3 5.9 5.9 NEAR COAST OF ECUADOR
event name:   C201604220320A
time shift:           3.0000
half duration:        2.4000
latitude:            -0.3800
longitude:          -80.8500
depth:               14.7000
Mrr:            5.010000E+24
Mtt:           -3.180000E+23
Mpp:           -4.700000E+24
Mrt:           -1.620000E+23
Mrp:           -6.880000E+24
Mtp:           -5.070000E+23
