 PDE 2010 05 19 10 51 03.10  -54.8400 -135.4000  10.0 6.0 6.0 PACIFIC-ANTARCTIC RIDGE
event name:   C201005191051A
time shift:           5.6000
half duration:        2.5000
latitude:           -54.7100
longitude:         -135.5400
depth:               15.4000
Mrr:           -8.300000E+23
Mtt:            9.200000E+24
Mpp:           -8.370000E+24
Mrt:            1.100000E+24
Mrp:            1.560000E+24
Mtp:            8.700000E+24
