 PDE 2018 10 22 06 22 48.10   49.3000 -129.7200  10.0 6.5 6.5 VANCOUVER ISLAND, CANADA REGION
event name:   C201810220622A
time shift:           6.0000
half duration:        4.2000
latitude:            49.0000
longitude:         -130.1300
depth:               15.2000
Mrr:           -2.400000E+23
Mtt:           -5.600000E+25
Mpp:            5.620000E+25
Mrt:            8.700000E+23
Mrp:           -1.210000E+25
Mtp:            2.340000E+25
