 PDE 2018 08 05 11 46 38.60   -8.2600  116.4400  34.0 6.9 6.9 SUMBAWA REGION, INDONESIA
event name:   C201808051146A
time shift:           6.1000
half duration:        7.2000
latitude:            -8.3300
longitude:          116.2400
depth:               17.8000
Mrr:            2.050000E+26
Mtt:           -2.140000E+26
Mpp:            8.900000E+24
Mrt:           -2.420000E+26
Mrp:           -4.070000E+25
Mtp:           -3.900000E+24
