 PDE 2018 09 03 23 37 17.60    1.4400  -85.2600  10.0 5.9 5.9 OFF COAST OF ECUADOR
event name:   C201809032337A
time shift:           3.9000
half duration:        2.1000
latitude:             1.3200
longitude:          -85.3600
depth:               12.9000
Mrr:           -5.500000E+22
Mtt:            1.750000E+24
Mpp:           -1.700000E+24
Mrt:           -4.060000E+23
Mrp:            1.810000E+24
Mtp:            7.490000E+24
