 PDE 2016 10 27 20 32 55.80  -33.7800  -72.5300  12.6 6.0 6.0 OFF COAST OF CENTRAL CHILE
event name:   C201610272032A
time shift:           6.4000
half duration:        2.4000
latitude:           -33.8300
longitude:          -72.7500
depth:               12.0000
Mrr:            6.450000E+24
Mtt:           -2.000000E+22
Mpp:           -6.430000E+24
Mrt:           -1.660000E+24
Mrp:           -9.300000E+24
Mtp:           -1.220000E+24
