 PDE 2010 12 23 14 00 32.30   53.1300  171.1600  18.0 6.4 6.3 NEAR ISLANDS, ALEUTIAN ISLANDS
event name:   C201012231400A
time shift:           4.6000
half duration:        3.7000
latitude:            52.9200
longitude:          171.3700
depth:               19.6000
Mrr:            1.990000E+25
Mtt:           -2.500000E+25
Mpp:            5.090000E+24
Mrt:            3.160000E+25
Mrp:            1.790000E+25
Mtp:           -7.100000E+23
