 PDE 2018 10 29 23 26 09.00   -4.5700 -105.9200  10.0 5.9 5.8 CENTRAL EAST PACIFIC RISE
event name:   C201810292326A
time shift:           1.4000
half duration:        2.1000
latitude:            -4.4200
longitude:         -105.9600
depth:               14.1000
Mrr:            5.500000E+22
Mtt:            2.810000E+24
Mpp:           -2.860000E+24
Mrt:           -9.900000E+22
Mrp:            1.160000E+24
Mtp:            7.730000E+24
