 PDE 2011 07 07 09 29 59.50  -29.1500 -176.9400  30.6 5.8 5.8 KERMADEC ISLANDS REGION
event name:   C201107070929A
time shift:           4.9000
half duration:        2.0000
latitude:           -29.1400
longitude:         -176.4200
depth:               18.5000
Mrr:            5.290000E+24
Mtt:           -5.170000E+23
Mpp:           -4.780000E+24
Mrt:            6.340000E+23
Mrp:            4.100000E+24
Mtp:           -1.240000E+24
