 PDE 2015 09 21 05 39 34.90  -31.5800  -71.7400  30.0 6.1 6.1 NEAR COAST OF CENTRAL CHILE
event name:   C201509210539A
time shift:           4.4000
half duration:        2.7000
latitude:           -31.6600
longitude:          -71.8400
depth:               37.6000
Mrr:            1.410000E+25
Mtt:            6.900000E+23
Mpp:           -1.480000E+25
Mrt:            2.520000E+24
Mrp:           -1.010000E+25
Mtp:            1.110000E+24
