 PDE 2011 09 14 18 10 09.00   53.1100  172.9800  15.0 6.0 6.0 NEAR ISLANDS, ALEUTIAN ISLANDS
event name:   C201109141810A
time shift:           3.6000
half duration:        2.5000
latitude:            53.0700
longitude:          172.9700
depth:               13.4000
Mrr:            5.200000E+23
Mtt:           -1.650000E+24
Mpp:            1.130000E+24
Mrt:           -4.000000E+22
Mrp:           -7.410000E+24
Mtp:           -1.200000E+25
