 PDE 2012 05 01 22 43 33.30   14.3800  -92.9000  14.0 6.0 6.0 NEAR COAST OF CHIAPAS, MEXICO
event name:   C201205012243A
time shift:           4.6000
half duration:        2.5000
latitude:            14.3800
longitude:          -93.3500
depth:               13.1000
Mrr:            1.060000E+25
Mtt:           -8.970000E+24
Mpp:           -1.640000E+24
Mrt:            6.680000E+24
Mrp:           -6.040000E+24
Mtp:            4.200000E+24
