 PDE 2016 04 22 03 03 41.70   -0.2900  -80.5100  10.0 6.0 6.0 NEAR COAST OF ECUADOR
event name:   C201604220303A
time shift:           2.7000
half duration:        2.5000
latitude:            -0.3400
longitude:          -80.7600
depth:               12.8000
Mrr:            6.310000E+24
Mtt:            1.600000E+23
Mpp:           -6.470000E+24
Mrt:            6.700000E+23
Mrp:           -1.100000E+25
Mtp:           -1.310000E+24
