 PDE 2010 06 16 03 58 08.50   -2.3300  136.4800  10.5 6.5 6.6 IRIAN JAYA REGION, INDONESIA
event name:   C201006160358A
time shift:           6.5000
half duration:        4.6000
latitude:            -2.1000
longitude:          136.5600
depth:               14.6000
Mrr:           -7.700000E+24
Mtt:           -7.920000E+25
Mpp:            8.690000E+25
Mrt:           -8.400000E+24
Mrp:            1.330000E+25
Mtp:           -9.700000E+24
