 PDE 2013 10 24 20 32 44.70  -22.5900 -176.5300 122.7 5.9 5.3 SOUTH OF FIJI ISLANDS
event name:   C201310242032A
time shift:           3.3000
half duration:        2.1000
latitude:           -22.7300
longitude:         -176.2000
depth:              136.8000
Mrr:           -7.230000E+23
Mtt:            2.580000E+24
Mpp:           -1.860000E+24
Mrt:           -1.830000E+24
Mrp:           -6.970000E+24
Mtp:            3.350000E+24
