 PDE 2012 06 24 03 15 01.30   57.6000  163.2000  10.0 6.0 6.1 NEAR EAST COAST OF KAMCHATKA
event name:   C201206240315A
time shift:           4.8000
half duration:        2.6000
latitude:            57.5500
longitude:          163.6700
depth:               12.7000
Mrr:            1.200000E+25
Mtt:            1.120000E+24
Mpp:           -1.310000E+25
Mrt:            1.680000E+24
Mrp:            6.720000E+24
Mtp:           -1.970000E+24
