 PDE 2012 01 28 17 42 51.70  -29.4300 -177.3900  21.0 5.9 5.9 KERMADEC ISLANDS, NEW ZEALAND
event name:   C201201281742A
time shift:           5.0000
half duration:        2.1000
latitude:           -29.2300
longitude:         -176.9500
depth:               33.1000
Mrr:            6.130000E+24
Mtt:           -5.670000E+23
Mpp:           -5.570000E+24
Mrt:            7.240000E+23
Mrp:            4.690000E+24
Mtp:           -1.580000E+24
