 PDE 2011 10 08 08 53 12.00  -20.6000 -173.2200   6.0 5.9 5.9 TONGA ISLANDS
event name:   C201110080853A
time shift:           4.1000
half duration:        2.3000
latitude:           -20.7500
longitude:         -172.7900
depth:               12.0000
Mrr:           -8.560000E+24
Mtt:            2.200000E+23
Mpp:            8.340000E+24
Mrt:            1.660000E+24
Mrp:            3.900000E+24
Mtp:            3.520000E+24
