 PDE 2017 11 12 22 24 06.80   37.9400  144.9300  10.2 6.0 5.9 OFF EAST COAST OF HONSHU, JAPAN
event name:   C201711122224A
time shift:           2.9000
half duration:        2.3000
latitude:            38.0700
longitude:          145.0100
depth:               13.8000
Mrr:           -1.100000E+25
Mtt:            4.170000E+24
Mpp:            6.870000E+24
Mrt:            9.300000E+23
Mrp:            8.300000E+23
Mtp:            4.800000E+24
