 PDE 2010 02 13 02 34 28.90  -21.9000 -174.7800  11.0 6.0 6.2 TONGA ISLANDS
event name:   C201002130234A
time shift:           4.0000
half duration:        2.5000
latitude:           -22.1900
longitude:         -174.0600
depth:               20.0000
Mrr:            8.140000E+24
Mtt:           -1.980000E+24
Mpp:           -6.160000E+24
Mrt:            4.610000E+24
Mrp:            9.640000E+24
Mtp:           -4.960000E+24
