 PDE 2019 02 01 16 14 12.20   14.6800  -92.4500  66.0 6.7 6.7 NEAR COAST OF CHIAPAS, MEXICO
event name:   C201902011614A
time shift:           3.8000
half duration:        5.2000
latitude:            14.8600
longitude:          -92.4600
depth:               45.7000
Mrr:           -8.400000E+24
Mtt:           -9.500000E+24
Mpp:            1.790000E+25
Mrt:            9.210000E+25
Mrp:           -7.600000E+25
Mtp:           -8.900000E+24
