 PDE 2015 09 22 07 13 00.50  -31.4400  -71.2600  58.0 6.0 6.0 NEAR COAST OF CENTRAL CHILE
event name:   C201509220712A
time shift:           4.3000
half duration:        2.6000
latitude:           -31.5800
longitude:          -71.3900
depth:               64.5000
Mrr:            1.150000E+25
Mtt:            1.420000E+24
Mpp:           -1.290000E+25
Mrt:            2.790000E+24
Mrp:           -8.270000E+24
Mtp:            2.030000E+24
