 PDE 2018 02 26 08 26 57.30   -6.4000  143.2600   9.0 5.8 5.9 NEW GUINEA, PAPUA NEW GUINEA
event name:   C201802260826A
time shift:           5.0000
half duration:        2.0000
latitude:            -6.4700
longitude:          143.1300
depth:               12.0000
Mrr:            4.950000E+24
Mtt:           -2.640000E+24
Mpp:           -2.310000E+24
Mrt:            3.090000E+24
Mrp:           -3.080000E+24
Mtp:            2.880000E+24
