 PDE 2015 09 07 09 13 56.60  -32.8200 -177.8600  17.0 6.2 6.3 SOUTH OF KERMADEC ISLANDS
event name:   C201509070913A
time shift:           7.8000
half duration:        3.0000
latitude:           -32.8300
longitude:         -177.7300
depth:               12.0000
Mrr:            1.540000E+25
Mtt:           -9.000000E+23
Mpp:           -1.450000E+25
Mrt:            3.710000E+24
Mrp:            1.710000E+25
Mtp:           -4.380000E+24
