 PDE 2014 03 02 22 17 14.80   14.2000  -93.1500  20.5 6.0 6.0 NEAR COAST OF CHIAPAS, MEXICO
event name:   C201403022217A
time shift:           6.6000
half duration:        2.4000
latitude:            14.3500
longitude:          -93.2500
depth:               15.5000
Mrr:            7.100000E+24
Mtt:           -5.990000E+24
Mpp:           -1.110000E+24
Mrt:            8.100000E+24
Mrp:           -5.850000E+24
Mtp:            2.120000E+24
