 PDE 2019 06 17 06 02 04.10  -30.8400 -177.4800  12.0 6.1 6.1 KERMADEC ISLANDS, NEW ZEALAND
event name:   C201906170602A
time shift:           6.0000
half duration:        2.7000
latitude:           -30.8500
longitude:         -177.2200
depth:               14.7000
Mrr:            1.320000E+25
Mtt:           -8.200000E+23
Mpp:           -1.240000E+25
Mrt:            2.500000E+24
Mrp:            1.060000E+25
Mtp:           -4.480000E+24
