 PDE 2015 09 18 09 10 44.70  -32.3700  -72.2300   8.0 6.1 6.2 OFF COAST OF CENTRAL CHILE
event name:   C201509180910A
time shift:           7.5000
half duration:        2.7000
latitude:           -32.3100
longitude:          -72.3000
depth:               13.4000
Mrr:            1.260000E+25
Mtt:            4.300000E+23
Mpp:           -1.300000E+25
Mrt:            1.500000E+23
Mrp:           -1.210000E+25
Mtp:            1.810000E+24
