 PDE 2016 12 06 21 42 20.80   11.0300  -60.9000  31.8 5.9 5.9 WINDWARD ISLANDS
event name:   C201612062142A
time shift:           6.1000
half duration:        2.3000
latitude:            11.2500
longitude:          -60.8300
depth:               31.7000
Mrr:           -1.300000E+23
Mtt:           -3.070000E+24
Mpp:            3.210000E+24
Mrt:            1.770000E+24
Mrp:            4.580000E+24
Mtp:            8.360000E+24
