 PDE 2016 02 10 00 33 05.30  -30.5700  -71.5800  29.0 6.4 6.3 NEAR COAST OF CENTRAL CHILE
event name:   C201602100033A
time shift:           5.7000
half duration:        3.7000
latitude:           -30.6200
longitude:          -71.9000
depth:               36.2000
Mrr:            3.530000E+25
Mtt:            1.640000E+24
Mpp:           -3.690000E+25
Mrt:            3.890000E+24
Mrp:           -2.280000E+25
Mtp:           -2.410000E+24
