 PDE 2017 10 10 06 32 21.20  -18.5700  -69.7500  85.0 6.3 6.3 NORTHERN CHILE
event name:   C201710100632A
time shift:           3.6000
half duration:        3.3000
latitude:           -18.5800
longitude:          -69.8600
depth:              106.4000
Mrr:           -1.350000E+25
Mtt:            2.850000E+24
Mpp:            1.070000E+25
Mrt:            7.190000E+24
Mrp:           -2.890000E+25
Mtp:           -4.030000E+24
