 PDE 2011 02 12 01 17 01.40  -37.0200  -72.9500  16.0 6.0 6.1 CENTRAL CHILE
event name:   C201102120117A
time shift:           3.9000
half duration:        2.4000
latitude:           -37.3500
longitude:          -74.0000
depth:               14.1000
Mrr:            6.140000E+24
Mtt:            9.000000E+22
Mpp:           -6.230000E+24
Mrt:           -5.300000E+23
Mrp:           -1.060000E+25
Mtp:           -8.300000E+23
