 PDE 2015 10 05 16 33 26.80  -30.3100  -71.5300  34.0 5.9 5.9 NEAR COAST OF CENTRAL CHILE
event name:   C201510051633A
time shift:           3.9000
half duration:        2.1000
latitude:           -30.3600
longitude:          -71.7800
depth:               42.8000
Mrr:            7.450000E+24
Mtt:            3.900000E+23
Mpp:           -7.840000E+24
Mrt:            8.100000E+23
Mrp:           -3.310000E+24
Mtp:           -1.600000E+23
