 PDE 2018 11 01 22 19 51.70  -19.5800  -69.2700 102.0 6.2 6.2 NORTHERN CHILE
event name:   C201811012219A
time shift:           1.3000
half duration:        3.1000
latitude:           -19.6300
longitude:          -69.5700
depth:              116.3000
Mrr:           -1.580000E+25
Mtt:           -2.000000E+24
Mpp:            1.780000E+25
Mrt:            3.540000E+24
Mrp:           -1.960000E+25
Mtp:           -3.210000E+24
