 PDE 2018 07 16 15 18 38.40  -61.3700  154.9700  10.0 5.8 5.8 BALLENY ISLANDS REGION
event name:   C201807161518A
time shift:           8.6000
half duration:        2.0000
latitude:           -61.4000
longitude:          154.0800
depth:               16.9000
Mrr:           -5.530000E+23
Mtt:            5.960000E+24
Mpp:           -5.410000E+24
Mrt:            4.540000E+23
Mrp:            1.090000E+24
Mtp:           -4.630000E+24
