 PDE 2018 02 26 15 18 00.30   -6.5100  143.2600  19.0 6.2 6.3 NEW GUINEA, PAPUA NEW GUINEA
event name:   C201802261517A
time shift:           4.2000
half duration:        3.2000
latitude:            -6.5800
longitude:          143.1800
depth:               12.0000
Mrr:            1.950000E+25
Mtt:           -1.330000E+25
Mpp:           -6.220000E+24
Mrt:            1.520000E+25
Mrp:           -1.230000E+25
Mtp:            1.110000E+25
