 PDE 2011 06 20 16 36 01.20  -21.7000  -68.2300 128.0 6.5 6.5 CHILE-BOLIVIA BORDER REGION
event name:   C201106201635A
time shift:           5.2000
half duration:        4.5000
latitude:           -21.8900
longitude:          -68.6300
depth:              131.4000
Mrr:           -3.000000E+24
Mtt:           -3.550000E+24
Mpp:            6.550000E+24
Mrt:           -2.000000E+23
Mrp:           -7.580000E+25
Mtp:            1.500000E+25
