 PDE 2010 09 09 07 28 01.70  -37.0300  -73.4100  16.0 6.2 6.2 NEAR COAST OF CENTRAL CHILE
event name:   C201009090728A
time shift:           3.9000
half duration:        3.0000
latitude:           -37.2700
longitude:          -74.1600
depth:               12.0000
Mrr:            1.080000E+25
Mtt:            3.800000E+23
Mpp:           -1.120000E+25
Mrt:           -5.000000E+23
Mrp:           -2.030000E+25
Mtp:           -1.310000E+24
