 PDE 2017 03 19 15 43 25.70   -8.1400  160.7500   8.4 6.0 6.0 SOLOMON ISLANDS
event name:   C201703191543A
time shift:           5.1000
half duration:        2.3000
latitude:            -8.0200
longitude:          161.0700
depth:               12.0000
Mrr:            9.860000E+24
Mtt:           -4.720000E+24
Mpp:           -5.140000E+24
Mrt:           -2.860000E+24
Mrp:            3.490000E+24
Mtp:            4.890000E+24
