 PDE 2010 08 14 23 01 04.10   12.2700  141.4300  13.0 6.3 6.6 SOUTH OF MARIANA ISLANDS
event name:   C201008142301A
time shift:          10.5000
half duration:        3.5000
latitude:            12.2400
longitude:          141.3700
depth:               12.0000
Mrr:           -3.540000E+25
Mtt:            2.230000E+25
Mpp:            1.310000E+25
Mrt:            9.490000E+24
Mrp:            6.500000E+24
Mtp:            1.940000E+25
