 PDE 2018 11 14 21 21 50.90   55.6400  161.9900  49.0 6.2 6.1 NEAR EAST COAST OF KAMCHATKA
event name:   C201811142121A
time shift:           3.4000
half duration:        2.9000
latitude:            55.5400
longitude:          162.3300
depth:               52.4000
Mrr:            1.810000E+25
Mtt:           -2.220000E+25
Mpp:            4.080000E+24
Mrt:            3.570000E+24
Mrp:            5.230000E+24
Mtp:           -6.130000E+24
