 PDE 2010 09 29 17 11 25.90   -4.9600  133.7600  26.0 7.0 7.0 IRIAN JAYA REGION, INDONESIA
event name:   C201009291711A
time shift:           6.1000
half duration:        7.4000
latitude:            -4.9200
longitude:          133.7800
depth:               17.7000
Mrr:           -3.180000E+26
Mtt:           -4.800000E+25
Mpp:            3.660000E+26
Mrt:            5.270000E+25
Mrp:           -2.910000E+25
Mtp:           -3.760000E+25
