 PDE 2018 11 01 19 30 20.90  -58.0700  -25.2100  29.0 5.8 5.8 SOUTH SANDWICH ISLANDS REGION
event name:   C201811011930A
time shift:           2.4000
half duration:        2.0000
latitude:           -58.2900
longitude:          -24.7400
depth:               33.6000
Mrr:            4.260000E+24
Mtt:           -4.980000E+24
Mpp:            7.150000E+23
Mrt:            4.710000E+24
Mrp:           -2.050000E+24
Mtp:           -1.970000E+24
