 PDE 2019 03 06 20 19 59.20  -32.2400 -177.7700   9.1 5.9 5.8 SOUTH OF KERMADEC ISLANDS
event name:   C201903062019A
time shift:           7.3000
half duration:        2.1000
latitude:           -32.0600
longitude:         -177.3800
depth:               13.3000
Mrr:            3.960000E+24
Mtt:           -4.950000E+23
Mpp:           -3.470000E+24
Mrt:            2.520000E+24
Mrp:            6.650000E+24
Mtp:           -1.050000E+24
