 PDE 2012 01 21 18 47 11.60   14.8700  -93.0000  45.0 6.2 6.3 NEAR COAST OF CHIAPAS, MEXICO
event name:   C201201211847A
time shift:           2.8000
half duration:        3.0000
latitude:            14.8500
longitude:          -93.3500
depth:               59.9000
Mrr:           -1.770000E+25
Mtt:            1.140000E+24
Mpp:            1.660000E+25
Mrt:            8.990000E+24
Mrp:           -7.870000E+24
Mtp:           -1.350000E+25
