 PDE 2019 03 06 15 46 14.90  -32.0200 -177.8800  29.0 6.4 6.4 SOUTH OF KERMADEC ISLANDS
event name:   C201903061546A
time shift:           5.6000
half duration:        3.9000
latitude:           -31.9200
longitude:         -177.5800
depth:               12.0000
Mrr:            3.470000E+25
Mtt:           -1.340000E+24
Mpp:           -3.330000E+25
Mrt:            8.200000E+24
Mrp:            3.300000E+25
Mtp:           -1.140000E+25
