 PDE 2019 04 12 11 40 49.30   -1.8200  122.5700  15.3 6.8 6.8 SULAWESI, INDONESIA
event name:   C201904121140A
time shift:           7.7000
half duration:        5.9000
latitude:            -1.8500
longitude:          122.5600
depth:               12.0000
Mrr:            2.480000E+25
Mtt:            1.620000E+26
Mpp:           -1.870000E+26
Mrt:            4.100000E+24
Mrp:           -3.180000E+25
Mtp:            1.270000E+25
