 PDE 2017 05 29 14 57 53.90  -37.3500  -71.6900  81.1 5.9 5.9 S. CHILE-ARGENTINA BORDER REGION
event name:   C201705291457A
time shift:           5.1000
half duration:        2.2000
latitude:           -37.3800
longitude:          -71.8700
depth:               97.7000
Mrr:           -3.300000E+24
Mtt:            1.920000E+24
Mpp:            1.380000E+24
Mrt:           -8.800000E+23
Mrp:           -7.440000E+24
Mtp:            5.380000E+24
