 PDE 2015 06 10 13 52 09.80  -22.4000  -68.4300 124.0 6.1 6.0 NORTHERN CHILE
event name:   C201506101352A
time shift:           3.4000
half duration:        2.6000
latitude:           -22.4800
longitude:          -68.4700
depth:              146.8000
Mrr:           -1.470000E+25
Mtt:            9.480000E+24
Mpp:            5.270000E+24
Mrt:            3.270000E+24
Mrp:           -4.000000E+23
Mtp:           -9.090000E+24
