 PDE 2019 08 02 12 03 27.00   -7.2800  104.7900  49.0 6.9 6.9 SOUTHWEST OF SUMATRA, INDONESIA
event name:   C201908021203A
time shift:           7.8000
half duration:        6.8000
latitude:            -7.4000
longitude:          104.8500
depth:               51.9000
Mrr:            2.110000E+26
Mtt:           -9.470000E+25
Mpp:           -1.170000E+26
Mrt:            8.810000E+25
Mrp:           -2.610000E+25
Mtp:           -1.760000E+26
