 PDE 2012 02 26 05 21 24.60  -24.5000 -177.2400  10.0 6.0 6.0 SOUTH OF FIJI ISLANDS
event name:   C201202260521A
time shift:           4.7000
half duration:        2.5000
latitude:           -24.8100
longitude:         -177.1000
depth:               15.6000
Mrr:           -1.400000E+24
Mtt:           -8.810000E+24
Mpp:            1.020000E+25
Mrt:           -1.350000E+24
Mrp:            3.630000E+24
Mtp:            8.380000E+24
