 PDE 2010 08 04 04 46 20.20  -26.9200 -177.2400  18.0 5.9 6.0 SOUTH OF FIJI ISLANDS
event name:   C201008040446A
time shift:           4.5000
half duration:        2.2000
latitude:           -26.9300
longitude:         -176.9700
depth:               18.4000
Mrr:           -1.670000E+24
Mtt:            2.670000E+24
Mpp:           -1.000000E+24
Mrt:           -2.820000E+24
Mrp:            1.100000E+24
Mtp:            8.970000E+24
