 PDE 2019 06 24 01 05 29.50   -2.7800  138.5700  28.0 6.1 6.1 IRIAN JAYA, INDONESIA
event name:   C201906240105A
time shift:           2.3000
half duration:        2.8000
latitude:            -2.6600
longitude:          138.5800
depth:               19.8000
Mrr:            1.810000E+25
Mtt:           -1.240000E+25
Mpp:           -5.730000E+24
Mrt:            6.000000E+22
Mrp:            3.600000E+23
Mtp:            9.250000E+24
