 PDE 2012 07 29 12 22 11.80   14.1900  -92.2900  18.0 5.8 5.9 NEAR COAST OF CHIAPAS, MEXICO
event name:   C201207291222A
time shift:           3.8000
half duration:        2.0000
latitude:            14.2000
longitude:          -92.8800
depth:               20.4000
Mrr:            5.660000E+24
Mtt:           -4.530000E+24
Mpp:           -1.140000E+24
Mrt:            3.000000E+24
Mrp:           -2.960000E+24
Mtp:            2.300000E+24
