 PDE 2018 08 14 03 29 52.10  -58.1300  -25.2700  25.0 6.1 6.1 SOUTH SANDWICH ISLANDS REGION
event name:   C201808140329A
time shift:           3.1000
half duration:        2.7000
latitude:           -58.2700
longitude:          -24.6700
depth:               31.8000
Mrr:            1.190000E+25
Mtt:           -1.400000E+25
Mpp:            2.120000E+24
Mrt:            8.560000E+24
Mrp:           -6.560000E+24
Mtp:           -3.980000E+24
