 PDE 2016 04 20 08 33 47.30    0.6400  -80.2100  14.0 6.0 6.2 NEAR COAST OF ECUADOR
event name:   C201604200833A
time shift:           3.2000
half duration:        2.6000
latitude:             0.6200
longitude:          -80.5700
depth:               12.0000
Mrr:            7.060000E+24
Mtt:            5.000000E+22
Mpp:           -7.100000E+24
Mrt:           -1.860000E+24
Mrp:           -1.250000E+25
Mtp:           -1.630000E+24
