 PDE 2016 09 10 10 08 20.00   -5.5700  -76.9500 121.0 6.1 6.1 NORTHERN PERU
event name:   C201609101008A
time shift:           1.4000
half duration:        2.8000
latitude:            -5.6400
longitude:          -77.0600
depth:              123.8000
Mrr:           -1.460000E+25
Mtt:           -7.100000E+23
Mpp:            1.530000E+25
Mrt:           -5.030000E+24
Mrp:            7.170000E+24
Mtp:           -5.750000E+24
