 PDE 2016 01 18 18 24 18.40  -21.4100  176.1200   7.1 5.9 5.8 SOUTH OF FIJI ISLANDS
event name:   C201601181824A
time shift:           7.6000
half duration:        2.2000
latitude:           -21.5000
longitude:          175.9800
depth:               17.1000
Mrr:           -2.860000E+24
Mtt:           -6.500000E+24
Mpp:            9.360000E+24
Mrt:            1.910000E+24
Mrp:           -7.300000E+23
Mtp:            3.820000E+24
