 PDE 2011 10 06 11 12 30.10  -24.1800  -64.2200  15.0 5.9 6.1 SALTA PROVINCE, ARGENTINA
event name:   C201110061112A
time shift:           6.5000
half duration:        2.2000
latitude:           -24.1800
longitude:          -64.2800
depth:               18.4000
Mrr:            8.190000E+24
Mtt:            9.000000E+23
Mpp:           -9.090000E+24
Mrt:           -1.350000E+24
Mrp:            1.820000E+24
Mtp:            6.300000E+23
