 PDE 2010 12 22 21 49 38.80   26.8100  143.6000  10.0 6.4 6.4 BONIN ISLANDS, JAPAN REGION
event name:   C201012222149A
time shift:           6.9000
half duration:        3.8000
latitude:            26.7900
longitude:          143.6900
depth:               30.8000
Mrr:           -1.300000E+25
Mtt:            1.400000E+25
Mpp:           -9.300000E+23
Mrt:            7.640000E+24
Mrp:           -1.990000E+25
Mtp:           -4.400000E+25
