 PDE 2012 04 23 17 36 21.20  -28.5600 -177.4100 114.0 5.9 6.0 KERMADEC ISLANDS REGION
event name:   C201204231736A
time shift:           0.6000
half duration:        2.3000
latitude:           -28.5100
longitude:         -177.0500
depth:              101.3000
Mrr:           -5.840000E+24
Mtt:           -2.700000E+23
Mpp:            6.110000E+24
Mrt:            6.200000E+23
Mrp:            8.150000E+24
Mtp:           -2.170000E+24
