 PDE 2015 11 07 07 04 31.40  -29.4700  -72.2900  13.0 6.0 6.2 OFF COAST OF CENTRAL CHILE
event name:   C201511070704A
time shift:          10.4000
half duration:        2.6000
latitude:           -29.5400
longitude:          -72.3300
depth:               12.0000
Mrr:            1.120000E+25
Mtt:           -3.000000E+22
Mpp:           -1.120000E+25
Mrt:           -2.750000E+24
Mrp:           -9.090000E+24
Mtp:           -1.470000E+24
