 PDE 2012 04 20 23 14 30.00    2.1500   93.3500  19.0 5.9 5.9 OFF W COAST OF NORTHERN SUMATRA
event name:   C201204202314A
time shift:           3.0000
half duration:        2.1000
latitude:             2.2200
longitude:           93.3600
depth:               40.6000
Mrr:            5.350000E+24
Mtt:           -6.760000E+24
Mpp:            1.400000E+24
Mrt:            1.500000E+24
Mrp:           -3.440000E+24
Mtp:           -2.630000E+24
