 PDE 2014 03 02 20 11 23.40   27.4300  127.3700 119.0 6.5 6.5 RYUKYU ISLANDS, JAPAN
event name:   C201403022011A
time shift:           2.2000
half duration:        4.3000
latitude:            27.3400
longitude:          127.4600
depth:              124.9000
Mrr:           -2.690000E+25
Mtt:           -1.470000E+25
Mpp:            4.160000E+25
Mrt:           -2.400000E+25
Mrp:           -3.280000E+25
Mtp:           -3.860000E+25
