 PDE 2018 10 26 09 05 39.30   17.4100  147.8800   8.0 5.9 5.9 MARIANA ISLANDS REGION
event name:   C201810260905A
time shift:           4.6000
half duration:        2.2000
latitude:            17.3100
longitude:          148.0800
depth:               12.0000
Mrr:           -7.060000E+24
Mtt:           -2.430000E+24
Mpp:            9.490000E+24
Mrt:           -3.210000E+24
Mrp:            2.080000E+24
Mtp:           -2.970000E+24
