 PDE 2014 04 19 20 54 42.30  -20.0300  -70.9200  10.0 5.8 5.8 NEAR COAST OF NORTHERN CHILE
event name:   C201404192054A
time shift:           6.7000
half duration:        2.0000
latitude:           -19.9100
longitude:          -71.3200
depth:               21.8000
Mrr:            5.960000E+24
Mtt:           -8.230000E+23
Mpp:           -5.130000E+24
Mrt:            3.120000E+23
Mrp:           -4.490000E+24
Mtp:            1.320000E+24
