 PDE 2015 07 27 07 40 50.60   52.3600 -169.0800  35.0 5.9 5.5 FOX ISLANDS, ALEUTIAN ISLANDS
event name:   C201507270740A
time shift:          -3.3000
half duration:        2.1000
latitude:            52.1000
longitude:         -169.1900
depth:               30.7000
Mrr:            8.080000E+24
Mtt:           -5.490000E+24
Mpp:           -2.590000E+24
Mrt:            2.260000E+24
Mrp:            8.300000E+23
Mtp:           -1.970000E+24
