 PDE 2010 02 28 01 08 23.20  -34.1600  -71.9500  31.9 5.9 5.9 NEAR COAST OF CENTRAL CHILE
event name:   C201002280108A
time shift:           4.9000
half duration:        2.2000
latitude:           -34.2500
longitude:          -72.4600
depth:               31.5000
Mrr:            7.360000E+24
Mtt:           -5.700000E+23
Mpp:           -6.790000E+24
Mrt:           -6.500000E+23
Mrp:           -6.530000E+24
Mtp:           -1.170000E+24
