 PDE 2019 06 26 02 18 07.80   56.1800  164.0900  10.0 6.4 6.3 KOMANDORSKIYE OSTROVA REGION
event name:   C201906260218A
time shift:           4.4000
half duration:        3.7000
latitude:            56.2400
longitude:          164.2500
depth:               12.0000
Mrr:            2.520000E+25
Mtt:           -3.960000E+25
Mpp:            1.450000E+25
Mrt:           -9.970000E+24
Mrp:            8.230000E+24
Mtp:           -2.490000E+25
