 PDE 2019 08 22 19 27 11.90  -14.6600 -177.4100  10.0 5.9 5.9 FIJI ISLANDS REGION
event name:   C201908221927A
time shift:           4.2000
half duration:        2.3000
latitude:           -14.6100
longitude:         -177.2000
depth:               12.0000
Mrr:            2.410000E+24
Mtt:           -6.970000E+24
Mpp:            4.560000E+24
Mrt:           -4.400000E+23
Mrp:           -1.720000E+24
Mtp:            8.190000E+24
