 PDE 2012 10 14 09 41 59.00   48.3100  154.4300  35.0 5.8 5.7 KURIL ISLANDS
event name:   C201210140941A
time shift:           3.3000
half duration:        1.9000
latitude:            48.2700
longitude:          154.8100
depth:               46.1000
Mrr:            5.310000E+24
Mtt:           -3.090000E+24
Mpp:           -2.210000E+24
Mrt:            1.590000E+24
Mrp:           -1.500000E+24
Mtp:           -3.680000E+24
