 PDE 2011 02 13 08 51 34.00  -36.5600  -73.1800  20.7 5.9 5.9 NEAR COAST OF CENTRAL CHILE
event name:   C201102130851A
time shift:           3.5000
half duration:        2.2000
latitude:           -36.7800
longitude:          -73.6100
depth:               16.2000
Mrr:            3.280000E+24
Mtt:           -3.000000E+21
Mpp:           -3.280000E+24
Mrt:           -1.550000E+23
Mrp:           -8.140000E+24
Mtp:           -4.110000E+23
