 PDE 2014 06 29 05 56 31.70   24.3900  142.6300  48.0 6.2 6.2 VOLCANO ISLANDS, JAPAN REGION
event name:   C201406290556A
time shift:           3.9000
half duration:        3.2000
latitude:            24.5200
longitude:          142.7600
depth:               63.2000
Mrr:            2.150000E+25
Mtt:           -1.200000E+25
Mpp:           -9.470000E+24
Mrt:           -1.690000E+25
Mrp:           -4.000000E+24
Mtp:           -1.430000E+25
