 PDE 2016 08 12 03 29 32.70  -25.1800 -177.3400 112.8 6.2 6.1 SOUTH OF FIJI ISLANDS
event name:   C201608120329A
time shift:           1.6000
half duration:        2.9000
latitude:           -25.2400
longitude:         -176.9300
depth:              138.3000
Mrr:           -5.090000E+24
Mtt:            2.400000E+23
Mpp:            4.840000E+24
Mrt:            1.360000E+24
Mrp:           -1.990000E+25
Mtp:           -4.120000E+24
