 PDE 2019 12 23 06 33 40.30   11.5300  141.7300  41.9 5.8 5.8 W. CAROLINE ISLANDS, MICRONESIA
event name:   C201912230633A
time shift:           3.5000
half duration:        2.1000
latitude:            11.3600
longitude:          141.7300
depth:               57.0000
Mrr:            4.410000E+24
Mtt:           -5.890000E+24
Mpp:            1.490000E+24
Mrt:            1.980000E+24
Mrp:            4.000000E+23
Mtp:            5.750000E+24
