 PDE 2018 11 24 23 42 39.50  -47.9000  165.4200  10.0 5.8 5.8 OFF W. COAST OF S. ISLAND, N.Z.
event name:   C201811242342A
time shift:           5.7000
half duration:        1.9000
latitude:           -47.8000
longitude:          165.0800
depth:               12.0000
Mrr:            6.000000E+22
Mtt:            9.930000E+23
Mpp:           -1.050000E+24
Mrt:            1.060000E+24
Mrp:           -7.900000E+23
Mtp:            6.010000E+24
