 PDE 2015 11 20 05 31 52.50   26.3600  142.6400  14.0 5.8 5.8 BONIN ISLANDS, JAPAN REGION
event name:   C201511200531A
time shift:           2.7000
half duration:        2.0000
latitude:            26.3000
longitude:          142.8000
depth:               18.0000
Mrr:            5.250000E+24
Mtt:           -1.620000E+23
Mpp:           -5.080000E+24
Mrt:            1.770000E+24
Mrp:            4.090000E+24
Mtp:           -1.660000E+24
