 PDE 2018 08 16 18 22 53.40   23.4200  143.3200  20.0 6.3 6.3 VOLCANO ISLANDS, JAPAN REGION
event name:   C201808161822A
time shift:           6.1000
half duration:        3.5000
latitude:            23.4300
longitude:          143.6200
depth:               20.1000
Mrr:            2.470000E+25
Mtt:           -1.650000E+24
Mpp:           -2.310000E+25
Mrt:            1.390000E+24
Mrp:            2.370000E+25
Mtp:            1.240000E+25
