 PDE 2015 09 17 13 32 26.00  -32.1400  -72.3800  10.0 5.9 5.9 OFF COAST OF CENTRAL CHILE
event name:   C201509171332A
time shift:           8.4000
half duration:        2.2000
latitude:           -32.2300
longitude:          -72.2800
depth:               17.5000
Mrr:            6.980000E+24
Mtt:           -3.100000E+23
Mpp:           -6.670000E+24
Mrt:           -2.100000E+23
Mrp:           -7.010000E+24
Mtp:            1.100000E+23
