 PDE 2018 01 23 06 34 55.00   -7.0900  105.9600  48.2 6.0 5.9 JAVA, INDONESIA
event name:   C201801230634A
time shift:           2.0000
half duration:        2.5000
latitude:            -7.1800
longitude:          106.1600
depth:               53.1000
Mrr:            2.210000E+24
Mtt:           -1.020000E+25
Mpp:            7.960000E+24
Mrt:            8.210000E+24
Mrp:            5.740000E+24
Mtp:           -1.680000E+24
