 PDE 2015 10 23 22 03 22.80   -2.1700  138.2700   8.0 5.8 5.8 IRIAN JAYA, INDONESIA
event name:   C201510232203A
time shift:           4.2000
half duration:        1.4000
latitude:            -1.9100
longitude:          138.2100
depth:               15.0000
Mrr:           -3.790000E+23
Mtt:            2.280000E+24
Mpp:           -1.900000E+24
Mrt:            6.130000E+24
Mrp:           -2.950000E+24
Mtp:            8.070000E+23
