 PDE 2011 11 17 13 30 59.10   13.9800  -91.7300  35.0 5.8 5.8 NEAR COAST OF GUATEMALA
event name:   C201111171330A
time shift:           2.4000
half duration:        2.0000
latitude:            13.9200
longitude:          -92.2500
depth:               26.3000
Mrr:            5.250000E+24
Mtt:           -4.270000E+24
Mpp:           -9.830000E+23
Mrt:            2.630000E+24
Mrp:           -2.580000E+24
Mtp:            2.230000E+24
