 PDE 2010 09 26 12 12 41.70   -5.3100  133.9200  30.0 6.0 6.0 ARU ISLANDS REGION, INDONESIA
event name:   C201009261212A
time shift:           2.3000
half duration:        2.4000
latitude:            -5.2000
longitude:          133.9100
depth:               18.9000
Mrr:           -9.760000E+24
Mtt:           -5.000000E+22
Mpp:            9.810000E+24
Mrt:            2.100000E+23
Mrp:            5.360000E+24
Mtp:            2.840000E+24
