 PDE 2010 10 12 10 21 36.20   -4.9100  133.7100  13.0 5.9 5.9 IRIAN JAYA REGION, INDONESIA
event name:   C201010121021A
time shift:           2.5000
half duration:        2.1000
latitude:            -4.8900
longitude:          133.6600
depth:               12.0000
Mrr:           -6.300000E+23
Mtt:           -5.630000E+24
Mpp:            6.270000E+24
Mrt:            2.570000E+24
Mrp:           -1.200000E+24
Mtp:            5.340000E+24
