 PDE 2017 09 10 03 07 22.40   15.4000  -94.5300  29.0 5.8 5.8 NEAR COAST OF OAXACA, MEXICO
event name:   C201709100307A
time shift:           3.5000
half duration:        2.1000
latitude:            15.5600
longitude:          -94.6900
depth:               27.1000
Mrr:            3.520000E+24
Mtt:           -2.310000E+24
Mpp:           -1.220000E+24
Mrt:            4.410000E+24
Mrp:           -5.080000E+24
Mtp:            1.700000E+24
