 PDE 2010 03 26 14 52 07.20  -27.9500  -70.8200  42.0 6.1 6.3 NEAR COAST OF NORTHERN CHILE
event name:   C201003261452A
time shift:           3.8000
half duration:        2.7000
latitude:           -28.1100
longitude:          -71.3100
depth:               41.4000
Mrr:            1.590000E+25
Mtt:            9.400000E+23
Mpp:           -1.690000E+25
Mrt:            4.200000E+24
Mrp:            4.260000E+24
Mtp:           -2.810000E+24
