 PDE 2010 02 27 15 45 37.00  -24.8700  -65.6000  10.0 6.2 6.1 SALTA PROVINCE, ARGENTINA
event name:   S201002271545A
time shift:           6.3000
half duration:        3.9000
latitude:           -24.9100
longitude:          -65.5900
depth:               27.0000
Mrr:            2.240000E+25
Mtt:           -1.330000E+24
Mpp:           -2.100000E+25
Mrt:           -6.780000E+24
Mrp:            1.830000E+25
Mtp:            5.510000E+24
