 PDE 2010 01 12 22 00 41.50   18.3900  -72.7900  10.0 6.0 0.0 HAITI REGION
event name:   S201001122200A
time shift:           4.6000
half duration:        3.1000
latitude:            18.5800
longitude:          -72.8800
depth:               12.0000
Mrr:            1.220000E+25
Mtt:           -9.080000E+24
Mpp:           -3.150000E+24
Mrt:           -3.200000E+23
Mrp:            1.890000E+24
Mtp:            5.020000E+24
