 PDE 2016 04 20 08 35 10.60    0.7100  -80.0400  10.0 6.1 6.0 NEAR COAST OF ECUADOR
event name:   S201604200833B
time shift:           1.9000
half duration:        2.6000
latitude:             0.5700
longitude:          -80.3600
depth:               22.0000
Mrr:            1.250000E+25
Mtt:           -1.860000E+24
Mpp:           -1.060000E+25
Mrt:            2.700000E+23
Mrp:           -1.020000E+25
Mtp:           -2.250000E+24
