 PDE 2001 02 07 15 16 15.20   52.7500  153.8500 426.6 5.6 0.0 NORTHWEST OF KURIL ISLANDS
event name:         B020701E
time shift:           3.1195
half duration:        1.8000
latitude:            52.7291
longitude:          153.9656
depth:              431.8994
Mrr:           -3.884496E+24
Mtt:            9.770269E+23
Mpp:            2.907470E+24
Mrt:           -9.788364E+23
Mrp:           -1.897878E+24
Mtp:            1.844403E+24
