 PDE 2000 04 01 12 13 24.10  -17.7600 -178.7500 555.8 5.2 0.0 FIJI ISLANDS REGION
event name:         B040100B
time shift:           4.5407
half duration:        1.6000
latitude:           -17.6255
longitude:         -178.6729
depth:              575.7842
Mrr:            1.952054E+24
Mtt:            1.506554E+24
Mpp:           -3.458608E+24
Mrt:            1.490915E+24
Mrp:           -1.171725E+24
Mtp:            5.632662E+23
