 PDE 1995 04 13 02 34 38.30  -13.4000  170.4000 640.0 5.5 0.0 VANUATU ISLANDS REGION
event name:         B041395A
time shift:           5.4846
half duration:        3.1000
latitude:           -13.3383
longitude:          170.6972
depth:              643.5224
Mrr:           -2.378578E+25
Mtt:            1.993179E+25
Mpp:            3.853994E+24
Mrt:           -2.558765E+24
Mrp:           -3.685728E+24
Mtp:           -1.508204E+25
