 PDE 1997 12 20 13 26 31.60   53.4200  152.7600 613.8 5.1 0.0 SEA OF OKHOTSK
event name:         B122097C
time shift:           3.1206
half duration:        2.2000
latitude:            53.4026
longitude:          152.7041
depth:              619.8201
Mrr:           -8.609941E+24
Mtt:            9.490075E+24
Mpp:           -8.801350E+23
Mrt:           -4.407742E+23
Mrp:           -2.995355E+24
Mtp:           -1.312345E+24
