 PDE 2013 05 24 14 56 31.50   52.2400  151.4400 624.0 6.7 6.7 SEA OF OKHOTSK
event name:   B201305241456A
time shift:           3.4721
half duration:        5.6000
latitude:            52.3696
longitude:          151.4741
depth:              644.9614
Mrr:           -1.032344E+26
Mtt:            4.934381E+25
Mpp:            5.389062E+25
Mrt:           -2.638739E+25
Mrp:           -7.883834E+25
Mtp:            5.572891E+25
