 PDE 2008 10 29 11 32 43.10   30.6000   67.4600  14.0 6.4 6.6 PAKISTAN
event name:   C200810291132A
time shift:           4.2561
half duration:        4.0000
latitude:            30.2900
longitude:           67.5700
depth:               12.0000
Mrr:            9.566110E+24
Mtt:           -5.079605E+25
Mpp:            4.113427E+25
Mrt:            2.114110E+25
Mrp:            4.754357E+24
Mtp:            1.234029E+25
