 PDE 2005 02 14 23 38 08.70   41.7300   79.4400  22.0 6.1 6.2 KYRGYZSTAN-XINJIANG BORDER REG.
event name:   C200502142338A
time shift:           3.1465
half duration:        2.6000
latitude:            41.7200
longitude:           79.2700
depth:               23.0000
Mrr:            1.603340E+24
Mtt:           -2.760905E+24
Mpp:            1.157568E+24
Mrt:            1.157568E+25
Mrp:            2.293566E+24
Mtp:            1.150378E+24
