 PDE 2006 06 14 04 18 42.50   51.7500  177.0800  14.0 6.5 6.4 RAT ISLANDS, ALEUTIAN ISLANDS
event name:   C200606140418A
time shift:           6.0507
half duration:        4.2000
latitude:            51.9600
longitude:          177.0700
depth:               13.3000
Mrr:           -1.355918E+25
Mtt:           -6.697768E+25
Mpp:            8.053687E+25
Mrt:           -7.013371E+22
Mrp:            1.285784E+25
Mtp:            2.735213E+24
