 PDE 2005 07 04 11 36 05.70  -42.2800   42.3700  10.0 6.2 5.7 PRINCE EDWARD ISLANDS REGION
event name:   C200507041136A
time shift:           1.6292
half duration:        3.3000
latitude:           -41.9400
longitude:           42.6500
depth:               19.6000
Mrr:           -7.532299E+23
Mtt:            1.100688E+25
Mpp:           -1.025365E+25
Mrt:            1.457864E+23
Mrp:           -1.737288E+24
Mtp:            3.486726E+25
