 PDE 2007 12 20 07 55 15.80  -39.0100  178.2900  20.0 6.6 6.6 OFF E. COAST OF N. ISLAND, N.Z.
event name:   C200712200755A
time shift:           7.8006
half duration:        4.7000
latitude:           -38.9200
longitude:          178.4000
depth:               30.4000
Mrr:           -9.253929E+25
Mtt:            6.934343E+25
Mpp:            2.319586E+25
Mrt:           -7.813344E+24
Mrp:            2.588171E+25
Mtp:            6.861094E+25
