 PDE 2008 08 27 21 52 38.10   32.3100   47.3500  10.0 5.8 5.8 IRAN-IRAQ BORDER REGION
event name:   C200808272152A
time shift:           3.1858
half duration:        1.9000
latitude:            32.2300
longitude:           47.3600
depth:               12.5000
Mrr:            1.018668E+24
Mtt:           -4.006187E+24
Mpp:            2.978960E+24
Mrt:            8.329103E+23
Mrp:           -3.663778E+23
Mtp:            3.449772E+24
