 PDE 2008 12 25 22 40 23.60   23.4200   64.5000  13.0 5.8 5.8 OFF COAST OF PAKISTAN
event name:   C200812252240A
time shift:           1.7283
half duration:        2.0000
latitude:            23.2200
longitude:           64.3600
depth:               12.0000
Mrr:           -4.166418E+24
Mtt:            6.013697E+24
Mpp:           -1.857318E+24
Mrt:           -2.770918E+24
Mrp:            2.369336E+24
Mtp:            3.604203E+24
