 PDE 2005 02 22 02 25 22.80   30.7400   56.8300  14.0 6.4 6.5 NORTHERN AND CENTRAL IRAN
event name:   C200502220225A
time shift:           5.7005
half duration:        3.9000
latitude:            30.7600
longitude:           56.8100
depth:               12.0000
Mrr:            4.616637E+25
Mtt:           -6.028163E+25
Mpp:            1.422137E+25
Mrt:           -4.054151E+24
Mrp:            3.205114E+24
Mtp:           -1.560104E+25
