 PDE 2006 07 30 01 20 59.20   26.8600 -111.2100  10.0 5.9 5.9 GULF OF CALIFORNIA
event name:   C200607300121A
time shift:           0.4370
half duration:        2.2000
latitude:            26.8700
longitude:         -111.3600
depth:               22.9000
Mrr:           -3.522637E+23
Mtt:           -1.001603E+25
Mpp:            1.036830E+25
Mrt:           -4.696851E+23
Mrp:            4.109744E+23
Mtp:           -2.383652E+24
