 PDE 2007 12 29 22 58 02.20   52.2100 -168.1500  15.8 5.8 5.9 FOX ISLANDS, ALEUTIAN ISLANDS
event name:   C200712292258A
time shift:           4.3767
half duration:        2.1000
latitude:            52.1700
longitude:         -168.1800
depth:               18.2000
Mrr:            5.675168E+24
Mtt:           -4.859048E+24
Mpp:           -8.085860E+23
Mrt:            7.144183E+24
Mrp:            2.636693E+24
Mtp:           -1.996353E+24
