 PDE 2007 09 13 20 06 38.90  -57.6200 -147.3000  10.0 6.0 5.9 PACIFIC-ANTARCTIC RIDGE
event name:   C200709132006A
time shift:           3.6869
half duration:        2.3000
latitude:           -57.8700
longitude:         -147.2700
depth:               13.9000
Mrr:           -1.149230E+24
Mtt:            1.117443E+25
Mpp:           -1.002520E+25
Mrt:           -3.790014E+23
Mrp:            7.090994E+23
Mtp:            7.249930E+24
