 PDE 2008 08 30 08 30 54.00   26.2700  101.9400  17.0 6.0 5.9 YUNNAN, CHINA
event name:   C200808300830A
time shift:           0.9973
half duration:        2.3000
latitude:            26.1900
longitude:          102.0400
depth:               24.1000
Mrr:            1.957432E+23
Mtt:           -3.283146E+24
Mpp:            3.087403E+24
Mrt:           -8.897413E+22
Mrp:           -5.872293E+23
Mtp:           -9.164336E+24
