 PDE 2006 03 03 23 36 28.00  -55.6900   -4.2300  10.0 6.0 5.4 SOUTHERN MID-ATLANTIC RIDGE
event name:   C200603032336A
time shift:           6.9751
half duration:        2.3000
latitude:           -55.9200
longitude:           -3.9400
depth:               16.3000
Mrr:           -1.877906E+23
Mtt:           -3.487541E+24
Mpp:            3.675331E+24
Mrt:            2.843687E+24
Mrp:            4.963040E+23
Mtp:            1.354775E+25
