 PDE 2006 03 09 17 55 55.30    0.7900  -26.1200  10.0 6.0 5.6 CENTRAL MID-ATLANTIC RIDGE
event name:   C200603091755A
time shift:           5.4904
half duration:        2.4000
latitude:             0.7900
longitude:          -25.9700
depth:               16.7000
Mrr:            6.411665E+22
Mtt:            2.898072E+24
Mpp:           -2.949366E+24
Mrt:           -5.001099E+23
Mrp:            1.513152E+24
Mtp:           -1.397744E+25
