 PDE 2006 04 26 01 46 03.90  -57.4800  147.5700  10.0 6.1 6.1 WEST OF MACQUARIE ISLAND
event name:   C200604260146A
time shift:           3.1061
half duration:        2.7000
latitude:           -57.6000
longitude:          148.0400
depth:               14.2000
Mrr:           -1.632696E+24
Mtt:            1.196891E+25
Mpp:           -1.032367E+25
Mrt:            1.343833E+24
Mrp:            4.772494E+23
Mtp:           -1.871320E+25
