 PDE 2005 06 15 19 52 24.80  -44.8700  -80.5600  10.0 6.5 5.9 OFF COAST OF SOUTHERN CHILE
event name:   C200506151952A
time shift:          10.6847
half duration:        4.1000
latitude:           -44.9100
longitude:          -80.6800
depth:               17.0000
Mrr:           -5.416392E+24
Mtt:            2.733866E+25
Mpp:           -2.181960E+25
Mrt:            4.132886E+24
Mrp:           -6.545877E+23
Mtp:           -7.110620E+25
