 PDE 2005 08 07 02 17 46.00  -47.0900   33.6200  10.0 6.2 5.8 PRINCE EDWARD ISLANDS REGION
event name:   C200508070217A
time shift:           6.0233
half duration:        3.0000
latitude:           -46.8000
longitude:           33.6200
depth:               16.0000
Mrr:           -3.662372E+24
Mtt:            1.747316E+25
Mpp:           -1.385271E+25
Mrt:            6.150548E+24
Mrp:           -6.220442E+24
Mtp:            2.474198E+25
