 PDE 2009 04 18 17 49 39.50  -20.6100 -178.4800 566.1 5.0 5.7 FIJI ISLANDS REGION
event name:   C200904181749A
time shift:           2.2778
half duration:        1.8000
latitude:           -20.5802
longitude:         -178.4111
depth:              574.4328
Mrr:           -1.328195E+24
Mtt:            5.724352E+23
Mpp:            7.557606E+23
Mrt:           -3.010383E+24
Mrp:           -3.997901E+24
Mtp:           -3.695499E+22
