 PDE 2008 05 15 14 23 28.80  -57.9100  -25.4800  35.0 5.9 5.9 SOUTH SANDWICH ISLANDS REGION
event name:   C200805151423A
time shift:           5.4648
half duration:        2.3000
latitude:           -58.1400
longitude:          -25.1900
depth:               36.8000
Mrr:           -2.473180E+24
Mtt:            7.044461E+24
Mpp:           -4.571280E+24
Mrt:           -7.278887E+24
Mrp:            4.829148E+24
Mtp:            4.618166E+24
