 PDE 2009 01 01 06 27 51.20  -34.8400 -107.6500  10.0 5.8 5.8 SOUTHERN EAST PACIFIC RISE
event name:   C200901010627A
time shift:           2.4701
half duration:        2.0000
latitude:           -35.0700
longitude:         -107.8100
depth:               18.8000
Mrr:           -3.202241E+23
Mtt:           -2.544747E+24
Mpp:            2.861318E+24
Mrt:           -5.686110E+23
Mrp:           -1.173750E+24
Mtp:           -7.938637E+24
