 PDE 2005 03 14 01 55 55.60   39.3500   40.8900   5.0 5.8 5.7 TURKEY
event name:   C200503140155A
time shift:           5.5431
half duration:        1.9000
latitude:            39.4400
longitude:           40.7700
depth:               12.0000
Mrr:           -1.140076E+23
Mtt:           -2.381492E+24
Mpp:            2.499721E+24
Mrt:            1.756560E+24
Mrp:            1.013400E+24
Mtp:           -4.070490E+24
