 PDE 2006 08 20 03 41 47.50  -61.0300  -34.3700  10.0 7.0 7.0 SCOTIA SEA
event name:   C200608200341A
time shift:           8.1636
half duration:        7.6000
latitude:           -61.2700
longitude:          -34.5200
depth:               17.2000
Mrr:           -1.801551E+26
Mtt:            1.549863E+26
Mpp:            2.490379E+25
Mrt:            5.325171E+25
Mrp:            2.384404E+24
Mtp:            4.874784E+26
