 PDE 2007 09 30 09 47 52.00  -49.1400  164.1100  18.0 6.6 6.7 AUCKLAND ISLANDS, N.Z. REGION
event name:   C200709300947A
time shift:           6.1821
half duration:        4.9000
latitude:           -49.3600
longitude:          164.0100
depth:               31.2000
Mrr:            6.778517E+25
Mtt:            4.422349E+25
Mpp:           -1.120087E+26
Mrt:            6.645604E+25
Mrp:           -1.377453E+25
Mtp:            2.791154E+25
