 PDE 2008 09 05 19 07 38.30   -1.1700  -13.9500  10.0 5.8 5.8 NORTH OF ASCENSION ISLAND
event name:   C200809051907A
time shift:           4.0830
half duration:        1.9000
latitude:            -0.8800
longitude:          -13.7900
depth:               12.0000
Mrr:           -4.020240E+23
Mtt:            3.011989E+24
Mpp:           -2.603584E+24
Mrt:           -5.270980E+23
Mrp:            9.150830E+23
Mtp:           -6.700400E+24
