 PDE 2009 08 28 01 52 06.60   37.7000   95.7200  13.0 6.3 6.2 QINGHAI, CHINA
event name:   C200908280152A
time shift:           4.1750
half duration:        3.3000
latitude:            37.6400
longitude:           95.7600
depth:               12.0000
Mrr:            2.183033E+25
Mtt:           -2.462909E+25
Mpp:            2.752115E+24
Mrt:            1.390051E+25
Mrp:           -1.697915E+24
Mtp:            9.095971E+24
