 PDE 2007 08 20 22 42 29.20    8.0400  -39.2500  10.0 6.5 6.5 CENTRAL MID-ATLANTIC RIDGE
event name:   C200708202242A
time shift:           4.6866
half duration:        4.6000
latitude:             8.1900
longitude:          -39.1700
depth:               12.0000
Mrr:            3.611953E+23
Mtt:           -2.876185E+24
Mpp:            2.514989E+24
Mrt:           -7.451325E+24
Mrp:            2.555122E+25
Mtp:           -1.058169E+26
