 PDE 2009 09 21 08 53 05.90   27.3300   91.4400  14.0 6.1 6.1 BHUTAN
event name:   C200909210853A
time shift:           3.3479
half duration:        2.8000
latitude:            27.2000
longitude:           91.6300
depth:               12.0000
Mrr:            3.052591E+24
Mtt:           -4.156720E+24
Mpp:            1.104129E+24
Mrt:            1.670110E+25
Mrp:           -1.994855E+24
Mtp:            7.701065E+23
