 PDE 2008 01 05 11 01 05.30   51.2600 -130.7500  10.0 6.6 6.6 QUEEN CHARLOTTE ISLANDS REGION
event name:   C200801051101A
time shift:           4.5518
half duration:        4.8000
latitude:            51.1100
longitude:         -131.2400
depth:               12.0000
Mrr:           -6.241913E+24
Mtt:           -7.741836E+25
Mpp:            8.366028E+25
Mrt:            1.770095E+25
Mrp:           -3.726515E+23
Mtp:            3.530874E+25
