 PDE 2009 08 05 08 31 40.50  -45.5500  166.3600  10.0 6.1 6.1 OFF W. COAST OF S. ISLAND, N.Z.
event name:   C200908050831A
time shift:           5.1361
half duration:        2.7000
latitude:           -45.4800
longitude:          166.1300
depth:               12.0000
Mrr:            1.179146E+25
Mtt:           -2.424415E+23
Mpp:           -1.157107E+25
Mrt:            2.644815E+23
Mrp:           -1.333427E+25
Mtp:           -4.363944E+24
