 PDE 2009 07 03 11 00 14.60   25.1300 -109.7500  10.0 5.9 6.0 GULF OF CALIFORNIA
event name:   C200907031100A
time shift:          -0.2240
half duration:        2.2000
latitude:            25.2000
longitude:         -109.8700
depth:               14.4000
Mrr:            5.658926E+23
Mtt:           -8.497095E+24
Mpp:            7.931203E+24
Mrt:           -3.569477E+23
Mrp:            2.002389E+23
Mtp:            3.917718E+23
