 PDE 2006 03 31 01 17 01.00   33.5000   48.7800   7.0 6.1 6.0 WESTERN IRAN
event name:   C200603310117A
time shift:           7.0680
half duration:        2.9000
latitude:            33.7400
longitude:           48.7300
depth:               17.0000
Mrr:           -3.332668E+24
Mtt:           -1.514849E+25
Mpp:            1.848116E+25
Mrt:            2.726729E+24
Mrp:            1.777422E+24
Mtp:           -1.504750E+24
