 PDE 2006 08 20 13 35 00.00  -60.9100  -34.0600  10.0 5.8 5.9 SCOTIA SEA
event name:   C200608201335A
time shift:           3.6565
half duration:        2.0000
latitude:           -61.1200
longitude:          -34.1000
depth:               12.0000
Mrr:           -1.138945E+23
Mtt:           -3.744119E+24
Mpp:            3.861941E+24
Mrt:            1.570958E+22
Mrp:            9.085380E+23
Mtp:            8.758097E+24
