 PDE 2007 01 08 17 21 50.30   39.8000   70.3100  18.4 6.0 6.0 TAJIKISTAN
event name:   C200701081721A
time shift:           1.7234
half duration:        2.5000
latitude:            39.8500
longitude:           70.1700
depth:               22.8000
Mrr:            2.460733E+24
Mtt:           -2.808630E+24
Mpp:            3.478968E+23
Mrt:            4.582054E+24
Mrp:           -2.061924E+24
Mtp:           -1.069146E+25
