 PDE 2007 03 01 23 11 52.10   26.5800  -44.5900  10.0 6.0 5.9 NORTHERN MID-ATLANTIC RIDGE
event name:   C200703012311A
time shift:           2.1998
half duration:        2.4000
latitude:            26.5400
longitude:          -44.5700
depth:               12.0000
Mrr:           -1.258783E+25
Mtt:           -4.536154E+23
Mpp:            1.304144E+25
Mrt:           -5.670194E+22
Mrp:           -4.536154E+23
Mtp:            3.288712E+24
