 PDE 2005 04 16 12 18 31.70  -54.9900 -132.1000  10.0 5.9 5.6 PACIFIC-ANTARCTIC RIDGE
event name:   C200504161218A
time shift:           5.5350
half duration:        2.2000
latitude:           -54.4100
longitude:         -132.3100
depth:               12.0000
Mrr:           -8.721233E+23
Mtt:            8.447881E+24
Mpp:           -7.575757E+24
Mrt:            5.467042E+23
Mrp:            2.460169E+24
Mtp:            8.317714E+24
