 PDE 2005 06 17 06 21 42.30   40.7700 -126.5700  10.0 6.6 6.5 OFF COAST OF NORTHERN CALIFORNIA
event name:   C200506170621A
time shift:           2.1576
half duration:        5.1000
latitude:            40.6400
longitude:         -126.7600
depth:               16.2000
Mrr:           -1.368077E+24
Mtt:           -9.601410E+25
Mpp:            9.738218E+25
Mrt:            1.057150E+25
Mrp:            1.803374E+25
Mtp:           -1.017351E+26
