 PDE 2009 03 31 15 29 31.90   18.3100  145.7200 188.5 5.4 5.5 MARIANA ISLANDS
event name:   C200903311529A
time shift:           0.8634
half duration:        1.3000
latitude:            18.3213
longitude:          145.9670
depth:              172.9158
Mrr:           -9.189826E+23
Mtt:            1.844449E+24
Mpp:           -9.254661E+23
Mrt:           -6.023175E+23
Mrp:            1.407358E+24
Mtp:           -5.874092E+23
