 PDE 2007 04 12 18 24 49.00  -61.8300  160.9600  10.0 6.0 6.0 BALLENY ISLANDS REGION
event name:   C200704121824A
time shift:           4.1705
half duration:        2.4000
latitude:           -61.7200
longitude:          161.2000
depth:               12.5000
Mrr:            8.542252E+22
Mtt:            1.427776E+25
Mpp:           -1.439980E+25
Mrt:           -1.793872E+24
Mrp:            1.659639E+24
Mtp:           -2.465050E+24
