 PDE 2008 05 19 03 16 13.60  -47.7800   31.9700  10.0 5.9 5.9 SOUTH OF AFRICA
event name:   C200805190316A
time shift:           4.0895
half duration:        2.3000
latitude:           -47.7200
longitude:           32.1600
depth:               15.6000
Mrr:           -1.044511E+24
Mtt:            8.479780E+24
Mpp:           -7.435269E+24
Mrt:            7.696397E+23
Mrp:           -2.047791E+24
Mtp:            1.080245E+25
