 PDE 2007 07 15 13 26 15.20   52.3600 -168.0100  10.0 5.9 5.8 FOX ISLANDS, ALEUTIAN ISLANDS
event name:   C200707151326A
time shift:           3.3726
half duration:        2.1000
latitude:            52.2900
longitude:         -167.9200
depth:               15.3000
Mrr:            5.289852E+24
Mtt:           -2.891487E+24
Mpp:           -2.398365E+24
Mrt:            4.651036E+24
Mrp:            5.536414E+24
Mtp:           -2.958731E+24
