 PDE 2005 01 03 17 59 28.90  -50.6600  161.8700  10.0 6.0 5.4 NORTH OF MACQUARIE ISLAND
event name:   C200501031759A
time shift:           5.5627
half duration:        2.7000
latitude:           -50.6900
longitude:          161.5100
depth:               12.0000
Mrr:           -1.173534E+24
Mtt:            1.166350E+25
Mpp:           -1.048997E+25
Mrt:            1.269334E+24
Mrp:           -1.101686E+24
Mtp:           -1.317234E+25
