 PDE 2008 02 14 10 09 22.70   36.5000   21.6700  29.0 6.8 6.9 SOUTHERN GREECE
event name:   C200802141009A
time shift:           6.4837
half duration:        7.6000
latitude:            36.2400
longitude:           21.7900
depth:               20.0000
Mrr:            3.198261E+25
Mtt:           -1.519174E+25
Mpp:           -1.679087E+25
Mrt:            1.446486E+26
Mrp:           -8.722529E+25
Mtp:            1.897150E+25
