 PDE 2007 07 15 13 08 00.80   52.4800 -168.0500  10.0 6.1 6.1 FOX ISLANDS, ALEUTIAN ISLANDS
event name:   C200707151308A
time shift:           4.9853
half duration:        2.7000
latitude:            52.3000
longitude:         -167.9000
depth:               14.7000
Mrr:            1.552819E+25
Mtt:           -1.086974E+25
Mpp:           -4.631686E+24
Mrt:            1.418957E+25
Mrp:            7.509757E+24
Mtp:           -8.353099E+24
