 PDE 2008 01 05 11 44 48.20   51.1600 -130.5400  10.0 6.4 6.5 QUEEN CHARLOTTE ISLANDS REGION
event name:   C200801051144A
time shift:           0.3522
half duration:        4.0000
latitude:            50.8500
longitude:         -130.9200
depth:               12.0000
Mrr:           -2.016794E+24
Mtt:           -5.067843E+25
Mpp:            5.264352E+25
Mrt:            9.608216E+24
Mrp:            9.618560E+23
Mtp:            1.778916E+25
