 PDE 2005 03 06 05 21 43.40   84.9500   99.3900  10.0 6.2 6.1 NORTH OF SEVERNAYA ZEMLYA
event name:   C200503060521A
time shift:           2.7761
half duration:        3.3000
latitude:            84.9300
longitude:           98.6900
depth:               12.0000
Mrr:           -3.801969E+25
Mtt:            2.306956E+25
Mpp:            1.495011E+25
Mrt:           -3.196231E+24
Mrp:           -4.665464E+24
Mtp:           -1.971867E+25
