 PDE 2006 10 09 10 01 46.70   20.6500  120.0200  10.0 6.3 6.3 PHILIPPINE ISLANDS REGION
event name:   C200610091001A
time shift:           4.3065
half duration:        3.4000
latitude:            20.6900
longitude:          119.9800
depth:               12.3000
Mrr:           -3.664824E+25
Mtt:            2.376582E+24
Mpp:            3.431608E+25
Mrt:           -1.310451E+24
Mrp:            8.184772E+24
Mtp:           -3.342764E+24
