 PDE 2006 07 08 20 40 01.00   51.2100 -179.3100  22.0 6.6 6.6 ANDREANOF ISLANDS, ALEUTIAN IS.
event name:   C200607082039A
time shift:           7.0398
half duration:        4.9000
latitude:            51.0400
longitude:         -179.1200
depth:               28.0000
Mrr:            6.731759E+25
Mtt:           -7.046631E+25
Mpp:            3.148726E+24
Mrt:            6.720900E+25
Mrp:            4.701373E+25
Mtp:           -2.258395E+25
