 PDE 2005 11 27 10 22 19.20   26.7700   55.8600  10.0 5.9 5.8 SOUTHERN IRAN
event name:   C200511271022A
time shift:           2.0544
half duration:        2.3000
latitude:            26.6600
longitude:           55.8000
depth:               12.0000
Mrr:            1.121230E+25
Mtt:           -1.213096E+25
Mpp:            8.950999E+23
Mrt:            2.661744E+24
Mrp:           -4.711051E+23
Mtp:           -1.943309E+24
