 PDE 2008 12 13 08 45 36.30  -48.9800  123.4000  10.0 5.9 5.9 WESTERN INDIAN-ANTARCTIC RIDGE
event name:   C200812130845A
time shift:           2.4537
half duration:        2.3000
latitude:           -49.1200
longitude:          123.8600
depth:               12.0000
Mrr:           -1.165471E+25
Mtt:            1.230016E+25
Mpp:           -6.454545E+23
Mrt:           -1.704974E+24
Mrp:            4.140651E+23
Mtp:           -1.510120E+24
