 PDE 2009 01 29 22 28 05.90   -8.1100  -71.4000 602.4 5.3 5.7 WESTERN BRAZIL
event name:   C200901292228A
time shift:           1.7092
half duration:        1.6000
latitude:            -8.1631
longitude:          -71.5247
depth:              611.7615
Mrr:           -2.754429E+24
Mtt:            1.460491E+23
Mpp:            2.608380E+24
Mrt:           -9.284807E+23
Mrp:            1.625590E+24
Mtp:           -6.490220E+23
