 PDE 2006 05 06 18 26 50.50  -38.6200   78.5700  10.0 5.9 6.0 MID-INDIAN RIDGE
event name:   C200605061826B
time shift:           3.9861
half duration:        2.2000
latitude:           -38.5100
longitude:           78.4000
depth:               12.0000
Mrr:           -1.836147E+24
Mtt:           -1.047101E+25
Mpp:            1.230716E+25
Mrt:            3.498606E+24
Mrp:            4.218178E+23
Mtp:           -1.786522E+24
