 PDE 2005 07 30 11 03 49.10  -61.4700  154.2500  10.0 6.0 5.7 BALLENY ISLANDS REGION
event name:   C200507301103A
time shift:           7.7610
half duration:        2.5000
latitude:           -61.5000
longitude:          154.2100
depth:               13.7000
Mrr:           -1.519409E+24
Mtt:            1.418116E+25
Mpp:           -1.266175E+25
Mrt:            1.519409E+23
Mrp:            2.241129E+24
Mtp:           -1.071184E+25
