 PDE 2006 06 28 21 02 09.20   26.8200   55.9000  10.0 5.8 5.8 SOUTHERN IRAN
event name:   C200606282102A
time shift:           2.7954
half duration:        2.0000
latitude:            26.7700
longitude:           55.8100
depth:               12.0000
Mrr:            5.160300E+24
Mtt:           -4.740049E+24
Mpp:           -4.153652E+23
Mrt:            2.120806E+24
Mrp:            1.426902E+24
Mtp:           -3.029720E+24
