 PDE 2006 06 27 02 39 35.30   52.2100  176.1800  33.6 6.2 6.2 RAT ISLANDS, ALEUTIAN ISLANDS
event name:   C200606270239A
time shift:           3.7395
half duration:        3.2000
latitude:            52.1900
longitude:          176.1800
depth:               18.2000
Mrr:           -1.170897E+24
Mtt:           -2.696615E+25
Mpp:            2.814887E+25
Mrt:            4.849174E+23
Mrp:           -8.527450E+24
Mtp:           -1.608507E+25
