 PDE 2007 03 08 11 14 31.50  -58.2200   -7.6100  10.0 6.2 6.2 EAST OF SOUTH SANDWICH ISLANDS
event name:   C200703081114A
time shift:           5.3652
half duration:        3.0000
latitude:           -58.1300
longitude:           -7.9300
depth:               13.9000
Mrr:           -6.686004E+23
Mtt:           -8.528068E+24
Mpp:            9.196668E+24
Mrt:            4.079827E+24
Mrp:           -6.140208E+24
Mtp:            3.015526E+25
