 PDE 2009 09 07 22 41 37.40   42.6600   43.4400  15.0 6.0 6.0 NORTHWESTERN CAUCASUS
event name:   C200909072241A
time shift:           3.2730
half duration:        2.4000
latitude:            42.6100
longitude:           43.5100
depth:               13.4000
Mrr:            8.925268E+24
Mtt:           -6.179032E+24
Mpp:           -2.746236E+24
Mrt:            6.101672E+24
Mrp:           -2.137036E+24
Mtp:            4.573838E+24
