 PDE 2008 11 28 13 42 18.70   40.3500 -126.9800  10.0 5.9 5.9 OFF COAST OF NORTHERN CALIFORNIA
event name:   C200811281342A
time shift:           3.4996
half duration:        2.3000
latitude:            40.3500
longitude:         -127.0400
depth:               22.8000
Mrr:           -1.709560E+24
Mtt:            7.309849E+23
Mpp:            9.667865E+23
Mrt:           -1.049317E+24
Mrp:            1.167218E+24
Mtp:           -1.202588E+25
