 PDE 2006 04 21 11 14 15.30   61.3500  167.5200  12.0 6.0 6.1 EASTERN SIBERIA, RUSSIA
event name:   C200604211114A
time shift:           2.7231
half duration:        2.5000
latitude:            61.2700
longitude:          167.6400
depth:               14.8000
Mrr:            1.288821E+25
Mtt:           -2.871938E+24
Mpp:           -9.975672E+24
Mrt:           -1.816526E+24
Mrp:           -3.054605E+24
Mtp:           -7.164623E+24
