 PDE 2007 10 31 13 44 19.80   51.4200 -178.3800  28.0 6.0 6.0 ANDREANOF ISLANDS, ALEUTIAN IS.
event name:   C200710311344A
time shift:           2.6746
half duration:        2.5000
latitude:            51.1400
longitude:         -178.3300
depth:               39.9000
Mrr:            1.060948E+25
Mtt:           -1.130958E+25
Mpp:            6.785750E+23
Mrt:            5.977924E+24
Mrp:            6.656498E+24
Mtp:           -3.726778E+24
