 PDE 2007 04 06 05 54 20.40  -55.3700 -123.6400  10.0 5.9 5.9 SOUTHERN EAST PACIFIC RISE
event name:   C200704060554A
time shift:           5.0672
half duration:        2.2000
latitude:           -55.6100
longitude:         -123.8500
depth:               12.0000
Mrr:           -1.130360E+25
Mtt:            1.239870E+25
Mpp:           -1.095114E+24
Mrt:            7.300761E+23
Mrp:           -1.334277E+24
Mtp:            1.346865E+24
