 PDE 2007 02 14 01 29 07.20  -29.5900 -112.0500  10.0 5.9 5.9 EASTER ISLAND REGION
event name:   C200702140129A
time shift:           2.8394
half duration:        2.2000
latitude:           -29.7400
longitude:         -112.1700
depth:               17.1000
Mrr:           -9.874197E+23
Mtt:           -1.041988E+25
Mpp:            1.140730E+25
Mrt:           -3.455969E+24
Mrp:           -9.354503E+23
Mtp:           -3.741800E+24
