 PDE 2007 04 29 12 41 57.40   52.0100 -179.9700 117.0 6.2 6.2 ANDREANOF ISLANDS, ALEUTIAN IS.
event name:   C200704291241A
time shift:           2.7972
half duration:        3.2000
latitude:            51.8900
longitude:         -179.8100
depth:              121.7000
Mrr:           -1.094943E+25
Mtt:           -1.927850E+24
Mpp:            1.291471E+25
Mrt:            1.160453E+25
Mrp:           -1.993358E+25
Mtp:           -6.363774E+24
