 PDE 2006 12 30 08 30 49.80   13.3100   51.3700  15.0 6.6 6.6 EASTERN GULF OF ADEN
event name:   C200612300830A
time shift:          11.5673
half duration:        5.0000
latitude:            13.6700
longitude:           51.4400
depth:               16.0000
Mrr:           -1.389652E+25
Mtt:            9.179822E+25
Mpp:           -7.790169E+25
Mrt:            1.795391E+25
Mrp:            1.338935E+25
Mtp:            6.217934E+25
