 PDE 2005 04 09 15 16 27.90   56.1700 -154.5200  14.0 5.8 5.7 KODIAK ISLAND REGION, ALASKA
event name:   C200504091516A
time shift:           1.3432
half duration:        2.1000
latitude:            56.1600
longitude:         -154.2400
depth:               13.0000
Mrr:           -1.348837E+22
Mtt:            4.156871E+24
Mpp:           -4.144609E+24
Mrt:            4.304016E+24
Mrp:            4.254968E+24
Mtp:           -3.568287E+24
