 PDE 2009 12 08 03 08 57.20   -9.9500   33.8800   8.0 5.9 5.9 TANZANIA
event name:   C200912080308A
time shift:           3.0482
half duration:        2.3000
latitude:            -9.8900
longitude:           33.8900
depth:               12.0000
Mrr:           -1.027682E+25
Mtt:           -2.411322E+23
Mpp:            1.051795E+25
Mrt:            2.365392E+24
Mrp:           -3.318439E+24
Mtp:           -3.306954E+24
