 PDE 2006 06 15 06 49 48.80   45.3900   97.3500   9.0 5.8 5.8 MONGOLIA
event name:   C200606150649A
time shift:           1.1100
half duration:        1.9000
latitude:            45.3700
longitude:           97.4900
depth:               21.8000
Mrr:            1.131675E+24
Mtt:           -6.103625E+23
Mpp:           -5.231677E+23
Mrt:            1.140950E+24
Mrp:            5.686203E+23
Mtp:            5.250230E+24
