 PDE 2008 06 05 05 22 26.50  -38.8700  -91.6100   7.0 5.8 5.8 WEST CHILE RISE
event name:   C200806050522A
time shift:           0.4607
half duration:        2.0000
latitude:           -39.0200
longitude:          -91.7200
depth:               12.0000
Mrr:           -4.540107E+23
Mtt:            1.122448E+24
Mpp:           -6.684378E+23
Mrt:           -1.557292E+22
Mrp:           -1.904688E+24
Mtp:           -8.565108E+24
