 PDE 2008 06 12 05 30 43.90  -50.1600 -114.1700  10.0 5.9 5.9 SOUTHERN EAST PACIFIC RISE
event name:   C200806120530A
time shift:           2.1949
half duration:        2.2000
latitude:           -50.0300
longitude:         -114.5000
depth:               15.0000
Mrr:           -7.732694E+23
Mtt:            4.085197E+24
Mpp:           -3.302643E+24
Mrt:            8.621357E+23
Mrp:            1.711008E+24
Mtp:            1.090271E+25
