 PDE 2005 11 10 19 29 54.10   57.4700  120.5900   6.0 5.8 5.7 SOUTHEASTERN SIBERIA, RUSSIA
event name:   C200511101929A
time shift:           1.8876
half duration:        2.0000
latitude:            57.4800
longitude:          120.6300
depth:               12.0000
Mrr:           -7.012288E+24
Mtt:            7.496653E+24
Mpp:           -4.821636E+23
Mrt:           -1.959478E+24
Mrp:            1.574187E+24
Mtp:            2.201659E+22
