 PDE 2007 05 07 11 15 16.20  -44.8500  -80.4500  10.0 6.0 6.1 OFF COAST OF SOUTHERN CHILE
event name:   C200705071115A
time shift:           1.8020
half duration:        2.5000
latitude:           -45.0000
longitude:          -81.2100
depth:               20.3000
Mrr:           -1.121734E+24
Mtt:            6.054947E+24
Mpp:           -4.933214E+24
Mrt:            8.805002E+23
Mrp:            4.100960E+23
Mtp:           -1.459460E+25
