 PDE 2008 07 27 21 15 41.30   -0.2500  -18.3000  10.0 5.9 5.9 CENTRAL MID-ATLANTIC RIDGE
event name:   C200807272115A
time shift:           4.9564
half duration:        2.1000
latitude:            -0.0100
longitude:          -18.1600
depth:               23.1000
Mrr:            9.603094E+22
Mtt:            4.035894E+24
Mpp:           -4.126735E+24
Mrt:            1.001836E+24
Mrp:           -1.267867E+24
Mtp:           -9.447368E+24
