 PDE 2007 10 15 21 28 23.70  -44.7900  167.4600  19.0 6.1 6.1 SOUTH ISLAND, NEW ZEALAND
event name:   C200710152128A
time shift:           5.7781
half duration:        2.6000
latitude:           -44.6200
longitude:          167.2500
depth:               19.0000
Mrr:            1.023448E+25
Mtt:            1.630366E+24
Mpp:           -1.188589E+25
Mrt:           -5.774644E+24
Mrp:           -1.040278E+25
Mtp:           -5.269758E+24
