 PDE 2008 11 14 02 05 09.90  -53.7900    8.7300  12.0 5.9 5.9 BOUVET ISLAND REGION
event name:   C200811140205A
time shift:           3.1571
half duration:        2.1000
latitude:           -53.7800
longitude:            9.0900
depth:               14.1000
Mrr:           -1.230330E+24
Mtt:            1.173651E+25
Mpp:           -1.050619E+25
Mrt:           -4.008940E+23
Mrp:            4.147180E+22
Mtp:            3.220976E+24
