 PDE 2007 04 05 03 56 50.50   37.3100  -24.6200  14.0 6.3 6.3 AZORES ISLANDS REGION
event name:   C200704050356A
time shift:           5.3867
half duration:        3.6000
latitude:            37.4500
longitude:          -24.4400
depth:               12.0000
Mrr:           -5.702762E+25
Mtt:            3.378921E+25
Mpp:            2.310487E+25
Mrt:            1.722847E+24
Mrp:           -7.746140E+23
Mtp:           -2.283776E+25
