 PDE 2007 04 13 18 24 19.20  -35.0500 -108.8400  10.0 6.1 6.1 SOUTHERN EAST PACIFIC RISE
event name:   C200704131824A
time shift:           3.3131
half duration:        2.7000
latitude:           -35.0700
longitude:         -108.8500
depth:               14.3000
Mrr:            1.196053E+24
Mtt:            1.085448E+25
Mpp:           -1.205054E+25
Mrt:            2.700761E+24
Mrp:           -1.736204E+24
Mtp:           -1.749065E+25
