 PDE 2007 03 31 12 49 03.70  -56.0800 -123.2700  10.0 6.2 6.2 SOUTHERN EAST PACIFIC RISE
event name:   C200703311249A
time shift:           5.4027
half duration:        3.2000
latitude:           -55.9400
longitude:         -123.6100
depth:               12.0000
Mrr:           -2.050244E+24
Mtt:            2.075094E+25
Mpp:           -1.863858E+25
Mrt:           -1.515938E+24
Mrp:           -1.702324E+24
Mtp:            2.833064E+25
