 PDE 2006 08 16 16 53 49.40  -58.8900  149.1500  10.0 5.9 5.9 WEST OF MACQUARIE ISLAND
event name:   C200608161653A
time shift:           7.0886
half duration:        2.3000
latitude:           -58.7700
longitude:          148.7300
depth:               13.5000
Mrr:           -1.089003E+23
Mtt:            6.485617E+24
Mpp:           -6.364616E+24
Mrt:           -9.438025E+23
Mrp:            1.064802E+24
Mtp:           -1.007933E+25
