 PDE 2007 11 10 01 13 29.40  -51.7800  161.3200  10.0 6.6 6.5 NORTH OF MACQUARIE ISLAND
event name:   C200711100113A
time shift:          14.2472
half duration:        4.7000
latitude:           -51.3800
longitude:          161.2300
depth:               28.2000
Mrr:            1.263920E+25
Mtt:            8.847435E+25
Mpp:           -1.011135E+26
Mrt:           -2.504648E+25
Mrp:            6.261620E+24
Mtp:            2.678582E+25
