 PDE 2007 03 13 02 59 04.40   26.2600 -110.5400  26.1 5.9 6.0 GULF OF CALIFORNIA
event name:   C200703130259A
time shift:          -2.7157
half duration:        2.3000
latitude:            26.2500
longitude:         -110.6900
depth:               15.9000
Mrr:           -5.663679E+23
Mtt:           -9.848510E+24
Mpp:            1.041488E+25
Mrt:            5.768562E+23
Mrp:            1.048829E+22
Mtp:            2.328401E+24
