 PDE 2008 09 16 07 28 25.00    0.9000  -29.0000  10.0 5.8 5.8 CENTRAL MID-ATLANTIC RIDGE
event name:   C200809160728A
time shift:           3.6640
half duration:        1.9000
latitude:             0.9500
longitude:          -28.8000
depth:               20.8000
Mrr:           -2.743904E+23
Mtt:            1.504720E+24
Mpp:           -1.231596E+24
Mrt:           -5.247556E+23
Mrp:           -5.032596E+23
Mtp:           -7.182198E+24
