 PDE 2007 04 16 13 20 38.20  -58.0100  147.9600  10.0 6.4 6.4 WEST OF MACQUARIE ISLAND
event name:   C200704161320A
time shift:           6.9351
half duration:        3.7000
latitude:           -57.8900
longitude:          148.1300
depth:               12.0000
Mrr:           -3.312988E+24
Mtt:            2.974160E+25
Mpp:           -2.635332E+25
Mrt:            2.045520E+24
Mrp:            3.099652E+24
Mtp:           -4.693401E+25
