 PDE 2009 06 06 20 33 28.80   23.8600  -46.1000  14.0 6.0 6.0 NORTHERN MID-ATLANTIC RIDGE
event name:   C200906062033A
time shift:           2.2453
half duration:        2.4000
latitude:            23.9400
longitude:          -46.1200
depth:               12.0000
Mrr:            1.420227E+24
Mtt:           -6.379379E+24
Mpp:            4.959151E+24
Mrt:            9.662197E+23
Mrp:            1.990645E+24
Mtp:           -1.327097E+25
