 PDE 2007 02 12 10 35 21.20   35.8000  -10.3300  10.0 6.0 6.0 AZORES-CAPE ST. VINCENT RIDGE
event name:   C200702121035A
time shift:           5.7229
half duration:        2.4000
latitude:            35.9000
longitude:          -10.3700
depth:               44.9000
Mrr:            6.237937E+24
Mtt:           -1.110728E+25
Mpp:            4.839608E+24
Mrt:           -2.776824E+24
Mrp:           -5.176792E+24
Mtp:            3.371858E+23
