 PDE 2005 10 08 10 46 28.80   34.7300   73.1000   8.0 6.4 6.3 PAKISTAN
event name:   C200510081046A
time shift:           3.3940
half duration:        4.0000
latitude:            34.7000
longitude:           73.1200
depth:               12.0000
Mrr:            5.422291E+25
Mtt:           -2.481741E+25
Mpp:           -2.940549E+25
Mrt:            1.678825E+25
Mrp:           -1.856092E+24
Mtp:            2.617298E+25
