 PDE 2006 10 10 08 02 52.00  -56.1000 -122.3700  10.0 6.0 6.0 SOUTHERN EAST PACIFIC RISE
event name:   C200610100802A
time shift:           5.3121
half duration:        2.4000
latitude:           -56.1800
longitude:         -122.4100
depth:               12.0000
Mrr:           -1.215344E+24
Mtt:            7.944514E+24
Mpp:           -6.729170E+24
Mrt:           -1.368862E+24
Mrp:           -1.854999E+24
Mtp:            1.292103E+25
