 PDE 2007 07 31 22 55 31.10   -0.1600  -17.8000  11.0 6.2 6.2 NORTH OF ASCENSION ISLAND
event name:   C200707312255A
time shift:           6.5847
half duration:        3.0000
latitude:             0.0400
longitude:          -17.8600
depth:               21.8000
Mrr:            5.459347E+23
Mtt:            1.035975E+25
Mpp:           -1.090568E+25
Mrt:            2.326721E+24
Mrp:           -5.030398E+24
Mtp:           -2.677680E+25
