 PDE 2005 12 22 12 20 02.90  -54.7200 -135.8700  10.0 6.3 6.2 PACIFIC-ANTARCTIC RIDGE
event name:   C200512221220A
time shift:           7.9418
half duration:        3.6000
latitude:           -54.5700
longitude:         -135.9100
depth:               15.0000
Mrr:           -2.215997E+24
Mtt:            3.763481E+25
Mpp:           -3.540645E+25
Mrt:            8.504974E+24
Mrp:            5.570944E+24
Mtp:            3.627303E+25
