 PDE 2006 03 09 09 59 53.00  -59.5400  -29.6600  10.0 5.8 0.0 SOUTH SANDWICH ISLANDS REGION
event name:   C200603090959A
time shift:           4.8711
half duration:        2.0000
latitude:           -59.7000
longitude:          -29.7000
depth:               15.0000
Mrr:           -4.791828E+23
Mtt:           -6.484668E+24
Mpp:            6.962486E+24
Mrt:            8.368636E+23
Mrp:            1.610929E+24
Mtp:            5.720161E+24
