 PDE 2007 01 05 16 52 22.40   55.7600 -156.0600  18.6 5.8 5.8 SOUTH OF ALASKA
event name:   C200701051652A
time shift:           0.5960
half duration:        2.0000
latitude:            55.3700
longitude:         -155.8900
depth:               22.1000
Mrr:            1.115668E+24
Mtt:           -1.385287E+24
Mpp:            2.724090E+23
Mrt:            4.267429E+24
Mrp:            3.068087E+24
Mtp:           -8.534860E+23
