 PDE 2006 10 16 00 35 33.10  -50.7800  162.1600  10.0 5.8 5.8 AUCKLAND ISLANDS, N.Z. REGION
event name:   C200610160035A
time shift:           7.9271
half duration:        2.0000
latitude:           -50.9400
longitude:          161.8300
depth:               27.9000
Mrr:            6.237158E+23
Mtt:            8.439256E+24
Mpp:           -9.062972E+24
Mrt:            1.871148E+24
Mrp:            1.743859E+24
Mtp:            2.507592E+24
