 PDE 2009 03 30 07 13 07.30   56.5500 -152.7400  21.0 6.0 5.9 KODIAK ISLAND REGION, ALASKA
event name:   C200903300713A
time shift:           0.1043
half duration:        2.4000
latitude:            56.2600
longitude:         -152.6400
depth:               12.0000
Mrr:            3.022345E+23
Mtt:           -6.692335E+23
Mpp:            3.777931E+23
Mrt:            1.262909E+25
Mrp:            7.955244E+24
Mtp:           -6.800276E+23
