 PDE 2005 05 08 17 07 35.80   20.3500 -109.1900  10.0 5.9 5.5 REVILLA GIGEDO ISLANDS REGION
event name:   C200505081707A
time shift:           2.6495
half duration:        2.1000
latitude:            20.6100
longitude:         -109.2400
depth:               16.0000
Mrr:           -4.229394E+23
Mtt:           -7.532893E+24
Mpp:            7.955833E+24
Mrt:            2.640513E+24
Mrp:            5.829706E+23
Mtp:            4.263686E+24
