 PDE 2008 05 31 23 16 04.60  -28.9200 -112.2600  10.0 5.8 5.8 EASTER ISLAND REGION
event name:   C200805312316A
time shift:           3.0796
half duration:        1.9000
latitude:           -28.9000
longitude:         -112.4000
depth:               12.0000
Mrr:           -5.376700E+23
Mtt:           -3.398365E+24
Mpp:            3.944532E+24
Mrt:            3.228447E+23
Mrp:           -8.459503E+23
Mtp:           -6.068510E+24
