 PDE 2006 01 04 08 32 32.40   28.1600 -112.1200  14.0 6.6 6.7 GULF OF CALIFORNIA
event name:   C200601040832A
time shift:           4.0107
half duration:        4.8000
latitude:            28.3800
longitude:         -112.5100
depth:               15.0000
Mrr:           -3.449180E+24
Mtt:           -1.063496E+26
Mpp:            1.097990E+26
Mrt:           -1.149726E+23
Mrp:           -5.058798E+24
Mtp:           -2.322449E+25
