 PDE 2007 04 28 14 02 37.90  -60.7900  -20.2100  10.0 6.0 6.1 EAST OF SOUTH SANDWICH ISLANDS
event name:   C200704281402A
time shift:           4.8496
half duration:        2.6000
latitude:           -61.0400
longitude:          -20.1200
depth:               16.8000
Mrr:           -1.288874E+24
Mtt:           -3.069383E+24
Mpp:            4.371545E+24
Mrt:            2.391726E+24
Mrp:           -2.325290E+24
Mtp:            1.926669E+25
