 PDE 2009 12 31 09 23 24.00  -59.4000 -150.9800  10.0 6.0 6.0 PACIFIC-ANTARCTIC RIDGE
event name:   C200912310923A
time shift:           4.0275
half duration:        2.4000
latitude:           -59.7800
longitude:         -150.9000
depth:               16.1000
Mrr:           -4.975727E+23
Mtt:            1.293690E+25
Mpp:           -1.243931E+25
Mrt:            2.487864E+22
Mrp:            2.102246E+24
Mtp:            6.891383E+24
