 PDE 2006 05 22 11 12 00.40   60.7700  165.7400  16.5 6.6 6.7 EASTERN SIBERIA, RUSSIA
event name:   C200605221112A
time shift:           3.4322
half duration:        4.9000
latitude:            60.8600
longitude:          165.8100
depth:               12.0000
Mrr:            1.982456E+25
Mtt:           -6.736304E+25
Mpp:            4.753848E+25
Mrt:            9.811134E+24
Mrp:           -6.675617E+24
Mtp:            8.799677E+25
