 PDE 2008 11 02 13 48 42.80   51.5500 -174.3700  36.0 6.1 6.1 ANDREANOF ISLANDS, ALEUTIAN IS.
event name:   C200811021348A
time shift:           1.4143
half duration:        2.6000
latitude:            51.3800
longitude:         -174.4900
depth:               20.2000
Mrr:            1.381058E+25
Mtt:           -1.226284E+25
Mpp:           -1.547737E+24
Mrt:            1.052461E+25
Mrp:            5.119440E+24
Mtp:           -5.036101E+24
