 PDE 2005 06 21 10 43 29.30  -36.1500 -100.9600  10.0 5.8 5.3 SOUTHEAST OF EASTER ISLAND
event name:   C200506211043A
time shift:           2.9198
half duration:        2.0000
latitude:           -36.1700
longitude:         -101.1200
depth:               12.0000
Mrr:           -5.441383E+23
Mtt:           -1.189916E+24
Mpp:            1.735294E+24
Mrt:            4.387813E+23
Mrp:           -1.095713E+24
Mtp:           -7.511340E+24
