 PDE 2007 01 17 23 18 50.10   10.1300   58.7000  10.0 6.2 6.2 CARLSBERG RIDGE
event name:   C200701172318A
time shift:           4.9328
half duration:        3.1000
latitude:            10.2100
longitude:           58.5900
depth:               22.9000
Mrr:            1.473569E+24
Mtt:            2.382271E+25
Mpp:           -2.541908E+25
Mrt:            1.014307E+25
Mrp:           -1.559528E+24
Mtp:           -1.841962E+25
