 PDE 2006 02 28 07 31 02.70   28.1200   56.8700  18.0 6.0 6.2 SOUTHERN IRAN
event name:   C200602280731A
time shift:           3.4391
half duration:        2.7000
latitude:            27.8600
longitude:           56.8700
depth:               25.4000
Mrr:            5.887921E+24
Mtt:           -7.384250E+24
Mpp:            1.496329E+24
Mrt:            9.827961E+24
Mrp:           -4.161387E+23
Mtp:            2.532249E+24
