 PDE 2006 02 08 05 04 53.60  -54.5000  143.8100  10.0 5.8 5.6 WEST OF MACQUARIE ISLAND
event name:   C200602080504A
time shift:           3.1600
half duration:        2.1000
latitude:           -54.6000
longitude:          143.9500
depth:               12.0000
Mrr:           -3.263369E+23
Mtt:            2.314261E+24
Mpp:           -1.976224E+24
Mrt:            7.800882E+22
Mrp:           -2.522285E+23
Mtp:           -9.478073E+24
