 PDE 2005 06 14 17 10 16.60   51.2300  179.4100  51.1 6.8 0.0 RAT ISLANDS, ALEUTIAN ISLANDS
event name:   C200506141710A
time shift:           2.6663
half duration:        5.9000
latitude:            51.1500
longitude:          179.5200
depth:               18.0000
Mrr:            9.907497E+25
Mtt:           -1.020472E+26
Mpp:            2.575949E+24
Mrt:            1.188899E+26
Mrp:            7.192842E+25
Mtp:           -3.328918E+25
