 PDE 2008 12 20 21 05 16.20  -31.1900  -13.3400   4.0 5.8 5.8 SOUTHERN MID-ATLANTIC RIDGE
event name:   C200812202105A
time shift:           3.8776
half duration:        1.9000
latitude:           -31.2300
longitude:          -13.2700
depth:               12.0000
Mrr:           -7.580559E+24
Mtt:           -3.082495E+23
Mpp:            7.884839E+24
Mrt:           -6.680946E+23
Mrp:            1.029263E+24
Mtp:           -8.175890E+23
