 PDE 2009 02 18 03 07 50.30  -52.9700   20.9100  10.0 5.8 5.9 SOUTH OF AFRICA
event name:   C200902180307A
time shift:           3.5823
half duration:        2.0000
latitude:           -53.0500
longitude:           21.2800
depth:               12.0000
Mrr:           -1.038474E+25
Mtt:            9.527968E+24
Mpp:            8.508695E+23
Mrt:            1.209829E+24
Mrp:           -1.350164E+24
Mtp:           -2.378298E+24
