 PDE 2007 01 20 06 21 04.60  -55.4200  -29.5300  10.0 6.2 6.2 SOUTH SANDWICH ISLANDS REGION
event name:   C200701200621A
time shift:           5.3958
half duration:        3.1000
latitude:           -55.3100
longitude:          -29.3300
depth:               12.0000
Mrr:           -2.405728E+24
Mtt:           -2.989780E+25
Mpp:            3.240088E+25
Mrt:           -4.908800E+24
Mrp:            8.496536E+24
Mtp:            1.599185E+25
