 PDE 2006 09 10 14 56 08.20   26.3200  -86.6100  14.0 5.9 5.8 GULF OF MEXICO
event name:   C200609101456A
time shift:           5.1378
half duration:        2.1000
latitude:            26.3200
longitude:          -86.8400
depth:               29.6000
Mrr:            5.508962E+24
Mtt:           -3.779288E+24
Mpp:           -1.729673E+24
Mrt:            4.759105E+24
Mrp:           -1.519714E+24
Mtp:            3.769292E+24
