 PDE 2007 08 15 20 22 11.10   50.3200 -177.5500   9.0 6.5 6.4 ANDREANOF ISLANDS, ALEUTIAN IS.
event name:   C200708152022A
time shift:           5.5457
half duration:        4.2000
latitude:            50.2800
longitude:         -177.6900
depth:               12.0000
Mrr:           -6.644256E+25
Mtt:            7.244163E+25
Mpp:           -6.010391E+24
Mrt:           -1.279049E+25
Mrp:            5.229380E+24
Mtp:            1.652576E+24
