 PDE 2007 07 03 08 26 00.80    0.7100  -30.2700  10.0 6.3 6.3 CENTRAL MID-ATLANTIC RIDGE
event name:   C200707030826A
time shift:           5.3609
half duration:        3.5000
latitude:             0.8100
longitude:          -30.0400
depth:               17.0000
Mrr:           -1.785020E+23
Mtt:            5.450265E+24
Mpp:           -5.283662E+24
Mrt:           -4.760056E+24
Mrp:            1.642219E+25
Mtp:           -4.046048E+25
