 PDE 2005 10 17 09 46 53.90   38.2000   26.5000  10.4 5.8 5.7 AEGEAN SEA
event name:   C200510170946A
time shift:           6.0386
half duration:        1.9000
latitude:            38.1500
longitude:           26.6600
depth:               12.0000
Mrr:           -1.655609E+24
Mtt:            6.857426E+24
Mpp:           -5.212498E+24
Mrt:           -1.121543E+24
Mrp:            9.367542E+23
Mtp:           -1.367213E+24
