 PDE 2006 12 25 20 01 00.40   42.1600   76.1600  11.6 5.8 5.8 LAKE ISSYK-KUL REGION
event name:   C200612252001A
time shift:           1.3635
half duration:        2.0000
latitude:            42.1700
longitude:           76.0600
depth:               18.8000
Mrr:            2.858288E+24
Mtt:           -3.398621E+24
Mpp:            5.403338E+23
Mrt:           -3.476931E+24
Mrp:            6.742426E+23
Mtp:           -2.779979E+24
