 PDE 2007 12 21 07 24 34.70   51.3600 -178.9800  30.0 6.3 6.3 ANDREANOF ISLANDS, ALEUTIAN IS.
event name:   C200712210724A
time shift:           3.1047
half duration:        3.3000
latitude:            51.0700
longitude:         -178.8800
depth:               31.9000
Mrr:            2.164064E+25
Mtt:           -2.174725E+25
Mpp:            1.492459E+23
Mrt:            2.057461E+25
Mrp:            1.183306E+25
Mtp:           -5.873889E+24
