 PDE 2005 06 01 20 06 41.50   28.8800   94.6300  25.8 5.8 5.7 EASTERN XIZANG-INDIA BORDER REG.
event name:   C200506012006A
time shift:           1.4312
half duration:        2.1000
latitude:            28.8100
longitude:           94.7200
depth:               19.0000
Mrr:            3.185737E+23
Mtt:           -6.728825E+23
Mpp:            3.550690E+23
Mrt:            5.238600E+24
Mrp:           -2.410213E+23
Mtp:           -4.303406E+23
