 PDE 2009 03 16 07 13 36.10  -55.1400 -129.7000  10.0 5.9 5.9 PACIFIC-ANTARCTIC RIDGE
event name:   C200903160713A
time shift:           3.9205
half duration:        2.1000
latitude:           -55.2300
longitude:         -129.5700
depth:               17.3000
Mrr:           -1.192700E+24
Mtt:            6.872785E+24
Mpp:           -5.668277E+24
Mrt:            4.168545E+23
Mrp:            3.967794E+23
Mtp:            7.038112E+24
