 PDE 2005 11 20 12 53 03.00   53.8400 -164.0900  30.0 6.2 5.8 UNIMAK ISLAND REGION, ALASKA
event name:   C200511201253A
time shift:           3.4645
half duration:        2.9000
latitude:            53.7500
longitude:         -163.9300
depth:               32.0000
Mrr:            1.422528E+25
Mtt:           -1.228546E+25
Mpp:           -1.918258E+24
Mrt:            1.465635E+25
Mrp:            8.912353E+24
Mtp:           -8.190311E+24
