 PDE 2008 04 16 05 54 19.70   51.8800 -179.1600  13.0 6.6 6.6 ANDREANOF ISLANDS, ALEUTIAN IS.
event name:   C200804160554A
time shift:           4.7730
half duration:        4.8000
latitude:            51.8100
longitude:         -179.1700
depth:               12.0000
Mrr:           -1.103763E+25
Mtt:            6.332120E+25
Mpp:           -5.228355E+25
Mrt:            2.139752E+25
Mrp:           -2.120389E+25
Mtp:           -6.951774E+25
