 PDE 2009 12 30 18 48 57.70   32.4400 -115.1700   9.0 5.9 5.9 CALIF.-BAJA CALIF. BORDER REGION
event name:   C200912301848A
time shift:           1.3527
half duration:        2.1000
latitude:            32.4600
longitude:         -115.1700
depth:               14.7000
Mrr:           -8.848554E+23
Mtt:           -6.726912E+24
Mpp:            7.611768E+24
Mrt:            9.552416E+23
Mrp:            5.027587E+23
Mtp:            3.509256E+24
