 PDE 2006 05 10 02 42 51.00   52.5100 -169.2600  18.0 6.4 6.4 FOX ISLANDS, ALEUTIAN ISLANDS
event name:   C200605100242A
time shift:           5.1858
half duration:        3.9000
latitude:            52.2100
longitude:         -169.1900
depth:               29.7000
Mrr:            4.312062E+25
Mtt:           -3.764497E+25
Mpp:           -5.452819E+24
Mrt:            3.707460E+25
Mrp:            1.437353E+25
Mtp:           -1.676913E+25
