 PDE 2008 08 07 18 30 03.10   52.1900 -175.6500  12.0 5.8 5.8 ANDREANOF ISLANDS, ALEUTIAN IS.
event name:   C200808071830A
time shift:           2.9952
half duration:        2.0000
latitude:            52.2200
longitude:         -175.6300
depth:               12.0000
Mrr:           -3.609314E+24
Mtt:            5.693315E+24
Mpp:           -2.075134E+24
Mrt:            1.516444E+24
Mrp:           -1.587389E+24
Mtp:           -4.336498E+24
