 PDE 2007 12 26 22 04 56.20   52.5800 -168.2000  35.4 6.4 6.4 FOX ISLANDS, ALEUTIAN ISLANDS
event name:   C200712262204A
time shift:           4.0773
half duration:        3.7000
latitude:            52.2100
longitude:         -168.1000
depth:               14.2000
Mrr:            2.994002E+25
Mtt:           -2.348036E+25
Mpp:           -6.510928E+24
Mrt:            2.840200E+25
Mrp:            1.548268E+25
Mtp:           -1.240666E+25
