 PDE 2008 11 22 18 49 42.40   -1.2300  -13.9300  10.0 6.3 6.3 NORTH OF ASCENSION ISLAND
event name:   C200811221849A
time shift:           7.3656
half duration:        3.4000
latitude:            -0.7700
longitude:          -13.8000
depth:               17.8000
Mrr:           -2.767187E+24
Mtt:            1.614192E+25
Mpp:           -1.335047E+25
Mrt:           -5.704289E+24
Mrp:            1.359320E+25
Mtp:           -3.628899E+25
