 PDE 2009 09 03 19 51 08.00   24.3300   94.6800 104.6 5.9 5.9 MYANMAR-INDIA BORDER REGION
event name:   C200909031951A
time shift:           1.0227
half duration:        2.2000
latitude:            24.2900
longitude:           94.7300
depth:              115.5000
Mrr:            4.283965E+24
Mtt:           -6.994436E+24
Mpp:            2.710471E+24
Mrt:           -4.385480E+24
Mrp:           -2.883047E+24
Mtp:            3.827144E+24
