 PDE 2007 08 04 14 24 51.70   -4.8000 -105.4100  10.0 6.1 6.0 CENTRAL EAST PACIFIC RISE
event name:   C200708041424A
time shift:           7.7689
half duration:        2.6000
latitude:            -4.6000
longitude:         -105.6800
depth:               15.6000
Mrr:           -3.086988E+23
Mtt:            6.621056E+24
Mpp:           -6.301712E+24
Mrt:            8.090037E+23
Mrp:            2.352497E+24
Mtp:            1.543494E+25
