 PDE 2008 10 11 09 06 10.80   43.3700   46.2500  16.0 5.8 5.8 EASTERN CAUCASUS
event name:   C200810110906A
time shift:           3.8701
half duration:        2.0000
latitude:            43.4000
longitude:           46.1900
depth:               13.0000
Mrr:            4.779123E+24
Mtt:           -5.452582E+24
Mpp:            6.677790E+23
Mrt:           -7.732605E+23
Mrp:            1.135955E+24
Mtp:            1.679590E+23
