 PDE 2007 02 28 23 13 15.60  -55.2400  -29.1400  10.0 6.1 6.2 SOUTH SANDWICH ISLANDS REGION
event name:   C200702282313A
time shift:           5.6934
half duration:        2.8000
latitude:           -55.2800
longitude:          -29.1800
depth:               14.5000
Mrr:            1.191759E+25
Mtt:           -1.648794E+25
Mpp:            4.498024E+24
Mrt:           -1.133908E+25
Mrp:            1.275645E+25
Mtp:            1.663257E+25
