 PDE 2007 09 01 19 14 22.80   24.9100 -109.6900  10.0 6.1 6.3 GULF OF CALIFORNIA
event name:   C200709011914A
time shift:           2.0383
half duration:        2.8000
latitude:            24.7600
longitude:         -109.8900
depth:               14.9000
Mrr:           -2.571381E+24
Mtt:           -1.425104E+25
Mpp:            1.683274E+25
Mrt:           -2.891513E+24
Mrp:            6.918977E+23
Mtp:           -1.166932E+25
