 PDE 2007 11 27 04 27 00.60   16.0800  119.8500  52.5 5.9 5.9 LUZON, PHILIPPINES
event name:   C200711270427A
time shift:           2.5836
half duration:        2.1000
latitude:            16.2300
longitude:          119.7900
depth:               42.9000
Mrr:            7.527147E+24
Mtt:            6.612429E+23
Mpp:           -8.188389E+24
Mrt:           -1.157174E+24
Mrp:            4.904218E+24
Mtp:           -1.102072E+24
