 PDE 2008 01 09 14 40 01.00   51.6500 -131.1800  10.0 6.0 6.1 QUEEN CHARLOTTE ISLANDS REGION
event name:   C200801091440A
time shift:           1.6557
half duration:        2.5000
latitude:            51.5200
longitude:         -131.4900
depth:               12.1000
Mrr:           -4.304173E+23
Mtt:           -2.697982E+24
Mpp:            3.128399E+24
Mrt:            2.676986E+24
Mrp:           -6.508750E+23
Mtp:            1.291251E+25
