 PDE 2006 03 06 18 13 08.40  -40.1000   78.4900  10.0 6.2 6.1 MID-INDIAN RIDGE
event name:   C200603061813A
time shift:           4.3506
half duration:        3.0000
latitude:           -40.1700
longitude:           78.3300
depth:               13.0000
Mrr:           -2.418757E+24
Mtt:           -3.023448E+25
Mpp:            3.260066E+25
Mrt:           -1.774633E+24
Mrp:            1.064780E+24
Mtp:           -1.892942E+24
