 PDE 2006 11 16 20 29 55.00  -52.0000  139.4700  10.0 6.1 6.1 WEST OF MACQUARIE ISLAND
event name:   C200611162029A
time shift:           3.0299
half duration:        2.6000
latitude:           -52.0400
longitude:          139.6300
depth:               12.0000
Mrr:           -1.812483E+24
Mtt:            1.947195E+24
Mpp:           -1.347116E+23
Mrt:            1.604293E+24
Mrp:            9.429814E+23
Mtp:           -1.885963E+25
