 PDE 2005 07 06 06 22 32.50  -35.7900 -102.8100  10.0 5.8 5.1 SOUTHEAST OF EASTER ISLAND
event name:   C200507060622A
time shift:           5.6912
half duration:        2.1000
latitude:           -35.9100
longitude:         -103.1300
depth:               12.0000
Mrr:           -5.816979E+23
Mtt:           -1.722675E+24
Mpp:            2.300833E+24
Mrt:            3.952713E+23
Mrp:           -1.923260E+24
Mtp:           -8.389191E+24
