 PDE 2008 04 28 15 57 55.30  -58.7400  -24.7100  35.0 6.1 6.1 SOUTH SANDWICH ISLANDS REGION
event name:   C200804281557A
time shift:           3.4367
half duration:        2.6000
latitude:           -59.0400
longitude:          -24.1500
depth:               17.1000
Mrr:            1.531325E+25
Mtt:            2.277685E+24
Mpp:           -1.750084E+25
Mrt:           -1.634270E+24
Mrp:            1.107959E+25
Mtp:            1.801559E+23
