 PDE 2007 05 04 12 06 52.20   -1.4100  -14.9100  10.0 6.2 6.2 NORTH OF ASCENSION ISLAND
event name:   C200705041206A
time shift:           5.7786
half duration:        3.1000
latitude:            -1.1200
longitude:          -14.9200
depth:               12.7000
Mrr:           -5.578108E+23
Mtt:            1.165205E+25
Mpp:           -1.109423E+25
Mrt:            6.941646E+23
Mrp:            1.040008E+25
Mtp:           -2.913012E+25
