 PDE 2007 07 13 21 54 43.10   51.8400 -176.2800  35.0 6.0 6.0 ANDREANOF ISLANDS, ALEUTIAN IS.
event name:   C200707132154A
time shift:           4.0848
half duration:        2.3000
latitude:            51.5600
longitude:         -175.9600
depth:               49.8000
Mrr:            1.025801E+25
Mtt:           -9.097357E+24
Mpp:           -1.171713E+24
Mrt:            4.255751E+24
Mrp:            3.979402E+24
Mtp:           -4.355235E+24
