 PDE 2007 08 02 03 21 42.80   51.3100 -179.9700  21.0 6.7 6.7 ANDREANOF ISLANDS, ALEUTIAN IS.
event name:   C200708020321A
time shift:           8.8733
half duration:        5.7000
latitude:            51.1000
longitude:         -179.7300
depth:               31.9000
Mrr:            1.128079E+26
Mtt:           -1.160311E+26
Mpp:            2.900777E+24
Mrt:            8.659352E+25
Mrp:            8.089939E+25
Mtp:           -4.265215E+25
