 PDE 2006 06 05 06 27 08.00    1.1700  -28.0700  10.0 6.0 6.0 CENTRAL MID-ATLANTIC RIDGE
event name:   C200606050627A
time shift:           7.3602
half duration:        2.5000
latitude:             1.1200
longitude:          -27.8000
depth:               15.6000
Mrr:           -2.426314E+24
Mtt:            4.640619E+24
Mpp:           -2.214306E+24
Mrt:           -2.120080E+23
Mrp:            2.708990E+23
Mtp:           -1.542947E+25
