 PDE 2007 03 24 17 29 30.00  -53.8100  140.7900  10.0 5.8 5.8 WEST OF MACQUARIE ISLAND
event name:   C200703241729A
time shift:           4.3009
half duration:        1.9000
latitude:           -53.8500
longitude:          140.7400
depth:               12.0000
Mrr:           -2.368647E+23
Mtt:            7.130739E+23
Mpp:           -4.762095E+23
Mrt:           -1.860193E+22
Mrp:            4.204037E+23
Mtp:           -7.713602E+24
