 PDE 2005 10 29 04 05 56.00  -45.2100   96.9000   8.0 6.5 6.2 SOUTHEAST INDIAN RIDGE
event name:   C200510290405A
time shift:           5.8823
half duration:        4.3000
latitude:           -45.2400
longitude:           97.1200
depth:               12.0000
Mrr:           -7.598621E+25
Mtt:            8.700810E+25
Mpp:           -1.102189E+25
Mrt:           -9.984536E+23
Mrp:           -1.945040E+25
Mtp:           -1.294101E+25
