 PDE 2009 11 04 18 41 44.40   36.1500  -33.8700  10.0 5.9 5.9 AZORES ISLANDS REGION
event name:   C200911041841A
time shift:           2.0705
half duration:        2.2000
latitude:            36.1700
longitude:          -33.8900
depth:               12.0000
Mrr:           -8.761922E+24
Mtt:            3.716227E+24
Mpp:            5.045694E+24
Mrt:           -8.583961E+23
Mrp:           -1.528363E+24
Mtp:            4.731647E+24
