 PDE 2006 06 18 18 28 02.20   33.0300  -39.7000  10.0 6.0 5.9 NORTHERN MID-ATLANTIC RIDGE
event name:   C200606181828A
time shift:           2.9364
half duration:        2.3000
latitude:            32.9700
longitude:          -39.7500
depth:               12.0000
Mrr:           -1.227671E+25
Mtt:            8.224206E+23
Mpp:            1.146621E+25
Mrt:           -4.648464E+23
Mrp:           -2.753320E+24
Mtp:            5.065635E+24
