 PDE 2006 10 15 17 07 49.20   19.8800 -155.9300  38.9 6.7 6.7 HAWAII
event name:   C200610151707A
time shift:           5.4676
half duration:        5.5000
latitude:            19.8300
longitude:         -155.9400
depth:               48.0000
Mrr:           -8.232433E+25
Mtt:            8.767136E+25
Mpp:           -5.347045E+24
Mrt:            6.355921E+24
Mrp:           -8.252610E+25
Mtp:           -8.605717E+25
