 PDE 2007 12 11 17 20 54.90  -62.0600  -65.8300  10.0 5.9 5.9 SOUTHERN PACIFIC OCEAN
event name:   C200712111720A
time shift:           6.7521
half duration:        2.1000
latitude:           -62.0600
longitude:          -66.2700
depth:               27.1000
Mrr:            4.767647E+24
Mtt:           -2.483150E+24
Mpp:           -2.284498E+24
Mrt:           -7.163887E+23
Mrp:           -3.960623E+24
Mtp:            8.691023E+24
