 PDE 2007 03 22 06 10 43.10   -3.3900   86.7800  21.0 5.9 5.9 SOUTH INDIAN OCEAN
event name:   C200703220610A
time shift:           3.6971
half duration:        2.2000
latitude:            -3.3500
longitude:           86.7600
depth:               33.0000
Mrr:            2.813317E+24
Mtt:           -8.818211E+24
Mpp:            6.004894E+24
Mrt:           -3.250681E+24
Mrp:            3.888996E+24
Mtp:           -5.118346E+24
