 PDE 2007 04 07 07 09 25.40   37.3100  -24.4900   8.0 6.0 6.1 AZORES ISLANDS REGION
event name:   C200704070709A
time shift:           3.3508
half duration:        2.6000
latitude:            37.4000
longitude:          -24.3800
depth:               12.0000
Mrr:           -2.260156E+25
Mtt:            1.219681E+25
Mpp:            1.039136E+25
Mrt:            1.123392E+24
Mrp:            3.209689E+23
Mtp:           -6.325761E+24
