 PDE 2007 08 03 00 41 15.00  -62.9700  145.3100  10.0 5.9 5.9 SOUTH OF AUSTRALIA
event name:   C200708030041A
time shift:           6.3354
half duration:        2.2000
latitude:           -62.8100
longitude:          145.5100
depth:               12.0000
Mrr:            9.142893E+24
Mtt:           -2.512064E+24
Mpp:           -6.643581E+24
Mrt:            2.155020E+24
Mrp:           -3.124141E+24
Mtp:            6.987873E+24
