 PDE 2008 05 25 19 18 24.40   55.9100 -153.5100  20.0 5.9 6.0 SOUTH OF ALASKA
event name:   C200805251918A
time shift:           3.8973
half duration:        2.1000
latitude:            55.5900
longitude:         -153.2700
depth:               14.8000
Mrr:            5.044619E+24
Mtt:           -3.587885E+24
Mpp:           -1.456735E+24
Mrt:            8.686457E+24
Mrp:            5.098571E+24
Mtp:           -2.953935E+24
