 PDE 2007 04 21 17 53 46.30  -45.2400  -72.6500  36.7 6.2 6.3 SOUTHERN CHILE
event name:   C200704211753A
time shift:          -0.2326
half duration:        3.2000
latitude:           -45.4800
longitude:          -72.9500
depth:               12.0000
Mrr:           -9.756784E+24
Mtt:           -1.283788E+24
Mpp:            1.101918E+25
Mrt:            1.979172E+24
Mrp:            2.995504E+24
Mtp:            2.963409E+25
