 PDE 2007 07 17 14 10 42.50   -2.7300   36.3600   8.0 5.9 5.9 TANZANIA
event name:   C200707171410A
time shift:           3.2537
half duration:        2.1000
latitude:            -2.7200
longitude:           35.9300
depth:               12.0000
Mrr:           -8.829900E+24
Mtt:            6.303850E+24
Mpp:            2.526052E+24
Mrt:           -1.432181E+24
Mrp:           -4.623577E+23
Mtp:            3.879293E+24
