 PDE 2009 09 23 02 59 30.50  -52.9600  159.9100  10.0 6.0 6.0 MACQUARIE ISLAND REGION
event name:   C200909230259A
time shift:           7.8741
half duration:        2.4000
latitude:           -52.9500
longitude:          159.5800
depth:               20.9000
Mrr:            2.547844E+22
Mtt:            1.426794E+25
Mpp:           -1.426794E+25
Mrt:            5.095691E+23
Mrp:            2.038277E+23
Mtp:            6.254960E+24
