 PDE 2009 08 01 13 33 30.00  -56.2300 -124.3000  10.0 6.0 6.1 SOUTHERN EAST PACIFIC RISE
event name:   C200908011333A
time shift:           8.0270
half duration:        2.5000
latitude:           -55.7000
longitude:         -124.5800
depth:               20.1000
Mrr:           -1.399969E+24
Mtt:            1.079802E+25
Mpp:           -9.398052E+24
Mrt:            5.112930E+23
Mrp:            3.652094E+23
Mtp:            1.351274E+25
