 PDE 2006 02 22 22 19 07.80  -21.3200   33.5800  11.0 7.0 7.5 MOZAMBIQUE
event name:   C200602222219A
time shift:           8.1904
half duration:        7.9000
latitude:           -21.2000
longitude:           33.3300
depth:               12.0000
Mrr:           -3.703062E+26
Mtt:           -2.774025E+25
Mpp:            3.977847E+26
Mrt:           -2.433816E+25
Mrp:            3.454446E+26
Mtp:           -1.805734E+26
