 PDE 2009 12 17 20 01 21.60   51.4000  179.9600  35.0 5.8 5.8 RAT ISLANDS, ALEUTIAN ISLANDS
event name:   C200912172001A
time shift:           3.4511
half duration:        2.0000
latitude:            51.2800
longitude:         -179.8700
depth:               44.5000
Mrr:            6.032617E+24
Mtt:           -5.473006E+24
Mpp:           -5.551350E+23
Mrt:            2.887597E+24
Mrp:            2.451100E+24
Mtp:           -2.641368E+24
