 PDE 2006 04 29 16 58 06.30   60.4900  167.5200  11.0 6.6 6.6 EASTERN SIBERIA, RUSSIA
event name:   C200604291658A
time shift:           4.8156
half duration:        4.8000
latitude:            60.5100
longitude:          167.6000
depth:               12.0000
Mrr:            7.260526E+25
Mtt:           -1.775673E+25
Mpp:           -5.484854E+25
Mrt:           -1.548781E+25
Mrp:            3.324453E+25
Mtp:           -5.534179E+25
