 PDE 2007 01 30 04 54 50.60  -54.7400  146.3000  11.0 6.8 6.9 WEST OF MACQUARIE ISLAND
event name:   C200701300454A
time shift:           5.8303
half duration:        6.5000
latitude:           -55.1200
longitude:          146.2600
depth:               13.0000
Mrr:           -2.336079E+25
Mtt:            9.414751E+25
Mpp:           -7.066933E+25
Mrt:            6.127805E+25
Mrp:            1.220865E+25
Mtp:           -2.629556E+26
