 PDE 2007 06 14 13 37 40.90  -36.2100 -100.1500  10.0 5.9 5.9 SOUTHEAST OF EASTER ISLAND
event name:   C200706141337A
time shift:           2.3381
half duration:        2.1000
latitude:           -36.2200
longitude:         -100.3700
depth:               17.7000
Mrr:           -3.112571E+24
Mtt:            1.630394E+24
Mpp:            1.469824E+24
Mrt:            1.580989E+24
Mrp:            4.026580E+23
Mtp:           -9.560040E+24
