 PDE 2008 04 26 23 34 49.40  -49.0900  164.1200  10.0 5.9 6.1 AUCKLAND ISLANDS, N.Z. REGION
event name:   C200804262334A
time shift:           5.4961
half duration:        2.3000
latitude:           -49.1200
longitude:          164.0300
depth:               12.0000
Mrr:            5.878646E+24
Mtt:            3.508720E+24
Mpp:           -9.387365E+24
Mrt:           -6.678880E+24
Mrp:           -1.086472E+25
Mtp:           -3.216327E+24
