 PDE 2008 03 20 22 32 57.90   35.4900   81.4700  10.0 7.1 7.3 SOUTHERN XINJIANG, CHINA
event name:   C200803202233A
time shift:          12.8269
half duration:        8.6000
latitude:            35.4300
longitude:           81.3700
depth:               12.0000
Mrr:           -5.253133E+26
Mtt:           -3.875787E+25
Mpp:            5.648186E+26
Mrt:            1.334638E+26
Mrp:            8.787253E+25
Mtp:            1.163803E+26
