 PDE 2005 09 05 07 37 31.30  -56.4100 -142.3900  10.0 6.2 5.8 PACIFIC-ANTARCTIC RIDGE
event name:   C200509050737A
time shift:           3.6049
half duration:        3.1000
latitude:           -56.5900
longitude:         -142.5400
depth:               12.0000
Mrr:           -8.481958E+23
Mtt:            2.367353E+25
Mpp:           -2.278735E+25
Mrt:            8.292063E+24
Mrp:            5.253751E+24
Mtp:            1.785009E+25
