 PDE 2009 11 05 09 43 20.70  -52.2900  160.7000  10.0 6.0 6.0 MACQUARIE ISLAND REGION
event name:   C200911050943A
time shift:           4.6423
half duration:        2.4000
latitude:           -52.2300
longitude:          160.3100
depth:               23.9000
Mrr:            1.263493E+24
Mtt:            1.260831E+25
Mpp:           -1.383190E+25
Mrt:           -3.777174E+24
Mrp:            1.449690E+24
Mtp:            8.245946E+24
