 PDE 2006 11 19 18 57 33.60   -4.5200 -104.8300  10.0 6.1 6.0 CENTRAL EAST PACIFIC RISE
event name:   C200611191857A
time shift:           3.0295
half duration:        2.6000
latitude:            -4.5400
longitude:         -104.8500
depth:               17.1000
Mrr:           -1.390576E+24
Mtt:            5.345742E+24
Mpp:           -3.955166E+24
Mrt:            1.686930E+24
Mrp:            3.875378E+23
Mtp:            1.664132E+25
