 PDE 2007 09 07 04 46 45.20  -56.0800 -123.3100  10.0 5.9 5.9 SOUTHERN EAST PACIFIC RISE
event name:   C200709070446A
time shift:           8.7529
half duration:        2.3000
latitude:           -55.9200
longitude:         -123.7300
depth:               23.2000
Mrr:           -9.696635E+23
Mtt:            7.218606E+24
Mpp:           -6.248943E+24
Mrt:           -9.457213E+23
Mrp:           -5.746155E+23
Mtp:            1.036703E+25
