 PDE 2008 08 28 12 37 34.80   50.1700 -129.6300  10.0 5.9 5.9 VANCOUVER ISLAND, CANADA REGION
event name:   C200808281237A
time shift:          -1.6096
half duration:        2.2000
latitude:            49.7700
longitude:         -130.1400
depth:               12.0000
Mrr:            3.630700E+23
Mtt:           -8.794362E+24
Mpp:            8.441376E+24
Mrt:            5.748608E+23
Mrp:            9.883573E+23
Mtp:           -5.950313E+23
