 PDE 2007 10 15 12 29 36.00  -44.7800  167.5800  25.7 6.8 6.8 SOUTH ISLAND, NEW ZEALAND
event name:   C200710151229A
time shift:           9.7298
half duration:        6.1000
latitude:           -44.7100
longitude:          167.2400
depth:               18.8000
Mrr:            1.306314E+26
Mtt:           -1.559151E+25
Mpp:           -1.148292E+26
Mrt:            7.690405E+24
Mrp:           -1.411663E+26
Mtp:           -8.596397E+25
