 PDE 2009 06 04 17 25 25.50  -45.8300   35.1400  16.0 6.0 6.0 PRINCE EDWARD ISLANDS REGION
event name:   C200906041725A
time shift:           5.7831
half duration:        2.6000
latitude:           -45.5600
longitude:           35.0300
depth:               20.5000
Mrr:           -4.335267E+24
Mtt:            1.315616E+25
Mpp:           -8.808361E+24
Mrt:           -1.303087E+24
Mrp:            2.255341E+23
Mtp:            1.415853E+25
