 PDE 2005 07 10 04 46 31.20  -36.3100  -97.2600  10.0 6.0 5.7 WEST CHILE RISE
event name:   C200507100446A
time shift:           2.1938
half duration:        2.5000
latitude:           -36.3800
longitude:          -97.4600
depth:               12.0000
Mrr:           -2.510324E+23
Mtt:            7.927333E+22
Mpp:            1.717589E+23
Mrt:            1.651528E+24
Mrp:           -4.478943E+24
Mtp:           -1.651528E+25
