 PDE 2005 05 12 11 15 35.30  -57.3800 -139.2300  10.0 6.5 6.2 PACIFIC-ANTARCTIC RIDGE
event name:   C200505121115A
time shift:           5.8969
half duration:        4.2000
latitude:           -57.5700
longitude:         -138.9100
depth:               12.0000
Mrr:            6.198417E+24
Mtt:           -5.735850E+25
Mpp:            5.114686E+25
Mrt:            5.484741E+24
Mrp:            9.555343E+24
Mtp:           -5.920876E+25
