 PDE 2006 05 07 14 17 35.20  -36.8100   78.5400  10.0 6.1 6.1 MID-INDIAN RIDGE
event name:   C200605071417A
time shift:           6.1314
half duration:        2.7000
latitude:           -36.8300
longitude:           78.3700
depth:               12.0000
Mrr:           -5.231339E+23
Mtt:           -1.985531E+25
Mpp:            2.033089E+25
Mrt:           -1.414839E+24
Mrp:            5.052998E+24
Mtp:            4.517975E+23
