 PDE 2005 01 25 16 44 16.10   37.6200   43.7000  41.2 5.8 5.6 TURKEY
event name:   C200501251644A
time shift:           0.1877
half duration:        2.1000
latitude:            37.7200
longitude:           43.7200
depth:               13.2000
Mrr:            1.704649E+23
Mtt:           -5.752053E+24
Mpp:            5.578854E+24
Mrt:            2.087511E+24
Mrp:            6.235188E+23
Mtp:           -3.208752E+24
