 PDE 2008 10 05 22 56 28.90   33.8900   69.4700  10.0 6.0 6.0 SOUTHEASTERN AFGHANISTAN
event name:   C200810052256A
time shift:           1.4789
half duration:        2.3000
latitude:            33.9100
longitude:           69.4800
depth:               16.6000
Mrr:            9.534994E+23
Mtt:           -1.011288E+25
Mpp:            9.120849E+24
Mrt:            2.696765E+24
Mrp:            2.889393E+22
Mtp:           -2.003312E+24
