 PDE 2007 12 12 23 39 59.80   52.1000 -131.5500  10.0 5.8 5.7 QUEEN CHARLOTTE ISLANDS REGION
event name:   C200712122339A
time shift:           1.6947
half duration:        1.9000
latitude:            51.9900
longitude:         -131.6300
depth:               26.3000
Mrr:            1.086899E+24
Mtt:           -1.326216E+24
Mpp:            2.303427E+23
Mrt:            2.462972E+24
Mrp:           -8.415985E+23
Mtp:            5.434492E+24
