 PDE 2005 04 21 09 26 00.40   51.3100 -178.4100  45.3 5.9 5.5 ANDREANOF ISLANDS, ALEUTIAN IS.
event name:   C200504210926A
time shift:           2.5710
half duration:        2.2000
latitude:            51.0800
longitude:         -178.3000
depth:               27.0000
Mrr:            5.125536E+24
Mtt:           -6.078632E+24
Mpp:            9.636857E+23
Mrt:            5.337336E+24
Mrp:            5.898603E+24
Mtp:           -2.329789E+24
