 PDE 2008 02 03 07 34 12.20   -2.3000   28.9000  10.0 5.9 5.9 LAKE TANGANYIKA REGION
event name:   C200802030734A
time shift:           3.1277
half duration:        2.3000
latitude:            -2.3800
longitude:           28.8200
depth:               12.0000
Mrr:           -9.915909E+24
Mtt:           -1.317577E+24
Mpp:            1.123349E+25
Mrt:           -7.723732E+23
Mrp:           -3.748281E+24
Mtp:            6.474304E+23
