 PDE 2005 04 02 12 52 36.60   78.6100    6.1000  10.0 6.1 5.8 SVALBARD REGION
event name:   C200504021252A
time shift:           5.4121
half duration:        3.0000
latitude:            78.7300
longitude:            5.5100
depth:               13.0000
Mrr:            1.432806E+23
Mtt:           -2.182275E+25
Mpp:            2.171252E+25
Mrt:           -2.270447E+24
Mrp:           -9.147920E+23
Mtp:           -6.668061E+24
