 PDE 2008 12 19 08 31 51.00   47.0000  -27.2900   2.0 5.8 5.9 NORTHERN MID-ATLANTIC RIDGE
event name:   C200812190831A
time shift:           3.8071
half duration:        2.1000
latitude:            46.9200
longitude:          -27.1300
depth:               12.0000
Mrr:           -8.736401E+24
Mtt:           -2.113645E+23
Mpp:            8.936023E+24
Mrt:            5.518964E+23
Mrp:           -2.348494E+22
Mtp:            8.572007E+23
