 PDE 2007 11 02 22 31 43.90  -55.4700 -128.9700  10.0 6.2 6.1 PACIFIC-ANTARCTIC RIDGE
event name:   C200711022231A
time shift:           1.8662
half duration:        2.9000
latitude:           -55.4000
longitude:         -128.8000
depth:               13.6000
Mrr:           -2.289274E+24
Mtt:            1.595185E+25
Mpp:           -1.376001E+25
Mrt:           -5.844956E+23
Mrp:            2.070088E+23
Mtp:            2.106620E+25
