 PDE 2006 10 22 08 55 16.80  -45.7300   95.9900  10.0 6.0 6.0 SOUTHEAST INDIAN RIDGE
event name:   C200610220855A
time shift:           2.5032
half duration:        2.6000
latitude:           -45.6300
longitude:           95.8900
depth:               12.0000
Mrr:            1.058708E+23
Mtt:           -1.905674E+25
Mpp:            1.892441E+25
Mrt:            5.955233E+23
Mrp:            1.627763E+24
Mtp:           -6.405184E+24
