 PDE 2007 06 24 00 25 18.40  -55.6500   -2.6300  10.0 6.5 6.5 SOUTHERN MID-ATLANTIC RIDGE
event name:   C200706240025A
time shift:           8.7998
half duration:        4.3000
latitude:           -55.7800
longitude:           -1.7200
depth:               15.0000
Mrr:           -5.480125E+24
Mtt:           -1.874780E+25
Mpp:            2.427598E+25
Mrt:            2.776116E+25
Mrp:           -2.055047E+25
Mtp:            6.994369E+25
