 PDE 2007 10 02 18 00 06.90   54.5100 -161.7100  32.0 6.3 6.3 ALASKA PENINSULA
event name:   C200710021800A
time shift:           1.7500
half duration:        3.6000
latitude:            54.1800
longitude:         -161.4600
depth:               40.5000
Mrr:            2.960903E+25
Mtt:           -2.842895E+25
Mpp:           -1.190798E+24
Mrt:            2.853623E+25
Mrp:            8.035205E+24
Mtp:           -1.115703E+25
