 PDE 2007 05 16 08 56 16.50   20.5000  100.7500  23.8 6.3 6.4 LAOS
event name:   C200705160856A
time shift:           0.8313
half duration:        3.4000
latitude:            20.5200
longitude:          100.8900
depth:               12.6000
Mrr:           -2.349279E+24
Mtt:           -3.149696E+25
Mpp:            3.378387E+25
Mrt:            3.607079E+24
Mrp:            4.137225E+24
Mtp:            1.081084E+25
