 PDE 2005 02 16 20 27 52.50  -36.3200  -16.5600  10.0 6.6 6.1 SOUTHERN MID-ATLANTIC RIDGE
event name:   C200502162027A
time shift:          13.3989
half duration:        5.0000
latitude:           -35.3900
longitude:          -16.0000
depth:               13.0000
Mrr:            3.374889E+24
Mtt:           -5.298573E+25
Mpp:            4.961085E+25
Mrt:            9.562182E+24
Mrp:            5.737310E+24
Mtp:            1.003467E+26
