 PDE 2008 10 30 15 15 41.10   -9.0200 -108.2500  10.0 6.0 6.0 CENTRAL EAST PACIFIC RISE
event name:   C200810301515A
time shift:           2.9445
half duration:        2.6000
latitude:            -9.0800
longitude:         -108.3000
depth:               18.1000
Mrr:            4.776785E+23
Mtt:           -1.040277E+24
Mpp:            5.625991E+23
Mrt:           -1.433035E+24
Mrp:           -1.910714E+23
Mtp:            1.592262E+25
