 PDE 2009 05 16 18 22 25.30   56.4400 -152.4300   9.7 5.9 5.9 KODIAK ISLAND REGION, ALASKA
event name:   C200905161822A
time shift:           8.8411
half duration:        2.2000
latitude:            56.1100
longitude:         -152.0100
depth:               12.0000
Mrr:            4.202931E+24
Mtt:           -3.009771E+24
Mpp:           -1.182410E+24
Mrt:            7.363190E+24
Mrp:            4.052442E+24
Mtp:           -2.257329E+24
