 PDE 2008 04 12 00 30 12.60  -55.6600  158.4500  16.0 7.1 7.1 MACQUARIE ISLAND REGION
event name:   C200804120030A
time shift:           9.5686
half duration:        8.6000
latitude:           -55.5600
longitude:          158.4900
depth:               22.0000
Mrr:            5.833075E+26
Mtt:            1.076214E+23
Mpp:           -5.833075E+26
Mrt:            9.255433E+25
Mrp:           -3.885129E+25
Mtp:            5.305730E+25
