 PDE 2008 05 27 05 51 12.10  -56.6000  147.4100  10.0 5.8 5.9 WEST OF MACQUARIE ISLAND
event name:   C200805270551A
time shift:           2.7454
half duration:        2.0000
latitude:           -56.6800
longitude:          147.3700
depth:               12.0000
Mrr:           -7.363609E+23
Mtt:            4.476396E+24
Mpp:           -3.748526E+24
Mrt:            1.540657E+24
Mrp:            4.415740E+23
Mtp:           -7.594102E+24
