 PDE 2007 04 04 19 58 03.80  -17.2300   66.7900  10.0 5.9 5.9 MAURITIUS - REUNION REGION
event name:   C200704041958A
time shift:           5.3730
half duration:        2.2000
latitude:           -17.1200
longitude:           66.5000
depth:               18.5000
Mrr:           -9.202263E+23
Mtt:           -9.908192E+24
Mpp:            1.084102E+25
Mrt:           -1.021073E+24
Mrp:           -7.941679E+23
Mtp:            3.945628E+24
