 PDE 2006 03 25 07 28 57.70   27.5700   55.6900  18.0 5.9 5.5 SOUTHERN IRAN
event name:   C200603250728A
time shift:           2.4718
half duration:        2.1000
latitude:            27.4300
longitude:           55.6000
depth:               14.0000
Mrr:            5.473191E+24
Mtt:           -6.981010E+24
Mpp:            1.507819E+24
Mrt:            4.337430E+24
Mrp:           -6.168354E+23
Mtp:            5.678802E+23
