 PDE 2008 07 25 00 29 23.00   51.2800  178.9800  21.0 5.9 5.9 RAT ISLANDS, ALEUTIAN ISLANDS
event name:   C200807250029A
time shift:           4.2825
half duration:        2.1000
latitude:            51.1200
longitude:          178.9500
depth:               22.3000
Mrr:            6.193099E+24
Mtt:           -6.463776E+24
Mpp:            2.717601E+23
Mrt:            4.991291E+24
Mrp:            2.057148E+24
Mtp:           -1.342560E+24
