 PDE 2009 11 03 05 25 08.10   37.5000   20.4900  10.0 5.8 5.8 IONIAN SEA
event name:   C200911030525A
time shift:           3.9521
half duration:        2.0000
latitude:            37.3500
longitude:           20.1900
depth:               15.5000
Mrr:            1.460047E+24
Mtt:           -5.431643E+23
Mpp:           -9.175528E+23
Mrt:            2.772749E+24
Mrp:           -3.000465E+24
Mtp:            9.443426E+23
