 PDE 2006 02 23 04 04 05.00  -54.6700    1.7600  10.0 6.0 5.5 BOUVET ISLAND REGION
event name:   C200602230404A
time shift:           4.8538
half duration:        2.6000
latitude:           -54.6400
longitude:            1.9500
depth:               12.0000
Mrr:           -1.657420E+24
Mtt:            1.797664E+25
Mpp:           -1.631923E+25
Mrt:           -1.682919E+24
Mrp:            3.977810E+24
Mtp:           -8.287103E+23
