 PDE 2005 08 26 18 16 33.60   14.4200   52.3700  10.0 6.1 5.9 EASTERN GULF OF ADEN
event name:   C200508261816A
time shift:           6.8761
half duration:        2.9000
latitude:            14.5700
longitude:           51.9600
depth:               14.0000
Mrr:           -2.576187E+24
Mtt:            1.932141E+25
Mpp:           -1.669751E+25
Mrt:           -3.327575E+24
Mrp:            2.003701E+24
Mtp:            1.610117E+25
