 PDE 2009 08 03 18 40 50.10   29.3100 -113.7300  10.0 6.2 6.2 GULF OF CALIFORNIA
event name:   C200908031840A
time shift:           1.7368
half duration:        3.2000
latitude:            29.4300
longitude:         -113.7500
depth:               18.9000
Mrr:           -4.114521E+24
Mtt:           -2.722543E+25
Mpp:            3.131949E+25
Mrt:           -2.650898E+24
Mrp:           -4.554630E+24
Mtp:           -3.439002E+24
