 PDE 2009 01 13 01 04 42.60  -13.1500   66.0800  10.0 6.0 6.0 MID-INDIAN RIDGE
event name:   C200901130104A
time shift:           2.3449
half duration:        2.4000
latitude:           -13.6200
longitude:           66.1900
depth:               12.0000
Mrr:           -1.083967E+24
Mtt:           -1.449805E+25
Mpp:            1.558201E+25
Mrt:           -2.086635E+24
Mrp:            2.398274E+24
Mtp:            5.189487E+24
