 PDE 2006 11 30 21 20 11.60  -53.8400 -134.3600  10.0 6.2 6.2 PACIFIC-ANTARCTIC RIDGE
event name:   C200611302120A
time shift:           4.8761
half duration:        3.2000
latitude:           -54.0100
longitude:         -133.9500
depth:               12.0000
Mrr:           -8.344384E+23
Mtt:            1.830781E+25
Mpp:           -1.756056E+25
Mrt:            5.156082E+24
Mrp:            1.469607E+25
Mtp:            2.416135E+25
