 PDE 2007 06 02 21 34 57.80   23.0300  101.0500   5.0 6.1 6.3 YUNNAN, CHINA
event name:   C200706022134A
time shift:           3.3683
half duration:        2.7000
latitude:            23.0200
longitude:          101.1300
depth:               12.0000
Mrr:            9.146643E+24
Mtt:           -1.803976E+25
Mpp:            8.893112E+24
Mrt:           -2.730341E+24
Mrp:           -2.125766E+24
Mtp:            8.210527E+24
