 PDE 2011 11 11 10 41 37.50  -55.9800 -124.4400  10.0 6.0 6.1 SOUTHERN EAST PACIFIC RISE
event name:   C201111111041A
time shift:           4.7634
half duration:        2.5000
latitude:           -55.7200
longitude:         -124.5700
depth:               20.9000
Mrr:           -1.136296E+24
Mtt:            1.022667E+25
Mpp:           -9.090367E+24
Mrt:           -1.568582E+24
Mrp:           -2.593719E+23
Mtp:            1.346264E+25
