 PDE 2014 08 29 03 45 07.50   36.6900   23.7100  80.0 5.8 5.8 SOUTHERN GREECE
event name:   C201408290345A
time shift:          -0.2123
half duration:        2.0000
latitude:            36.4600
longitude:           23.6200
depth:              100.2000
Mrr:            9.241669E+23
Mtt:           -9.149148E+22
Mpp:           -8.326754E+23
Mrt:           -6.167965E+23
Mrp:            1.840110E+24
Mtp:           -6.363284E+24
