 PDE 2012 09 25 23 45 24.90   24.6700 -110.1700  10.0 6.3 6.3 BAJA CALIFORNIA, MEXICO
event name:   C201209252345A
time shift:           2.6500
half duration:        3.3000
latitude:            24.9200
longitude:         -110.2900
depth:               12.0000
Mrr:           -2.555444E+25
Mtt:           -6.559317E+24
Mpp:            3.207236E+25
Mrt:            1.044939E+25
Mrp:           -4.252175E+24
Mtp:           -9.104414E+24
