 PDE 2011 12 11 09 54 55.20  -56.0100  -28.1800 116.0 6.2 6.2 SOUTH SANDWICH ISLANDS REGION
event name:   C201112110954A
time shift:           4.5900
half duration:        3.3000
latitude:           -55.9700
longitude:          -27.7800
depth:              123.1000
Mrr:            2.490354E+25
Mtt:           -2.567489E+25
Mpp:            7.162523E+23
Mrt:           -1.014874E+25
Mrp:           -1.553717E+25
Mtp:            1.201101E+25
