 PDE 2011 01 27 15 02 46.30  -38.5000  176.0000 158.1 5.6 5.6 NORTH ISLAND, NEW ZEALAND
event name:   C201101271502A
time shift:           1.7713
half duration:        1.5000
latitude:           -38.4900
longitude:          176.0300
depth:              158.6000
Mrr:            5.175267E+23
Mtt:            3.369473E+23
Mpp:           -8.544741E+23
Mrt:            2.814620E+24
Mrp:            5.649416E+23
Mtp:           -5.407298E+23
