 PDE 2010 08 04 12 58 24.20   51.4200 -178.6500  27.0 6.4 6.4 ANDREANOF ISLANDS, ALEUTIAN IS.
event name:   C201008041258A
time shift:           5.0789
half duration:        3.9000
latitude:            51.1200
longitude:         -178.4800
depth:               31.8000
Mrr:            3.735147E+25
Mtt:           -3.757119E+25
Mpp:            2.197146E+23
Mrt:            2.922205E+25
Mrp:            2.504747E+25
Mtp:           -1.351246E+25
