 PDE 2012 07 18 04 25 25.60  -55.6600 -128.8900  10.0 5.9 5.9 PACIFIC-ANTARCTIC RIDGE
event name:   C201207180425A
time shift:           4.2613
half duration:        2.1000
latitude:           -55.3600
longitude:         -128.9600
depth:               20.3000
Mrr:           -1.519783E+24
Mtt:            6.880258E+24
Mpp:           -5.360475E+24
Mrt:           -3.251629E+23
Mrp:            4.865662E+23
Mtp:            7.610696E+24
