 PDE 2010 12 08 05 24 35.30  -56.4100  -25.7400  29.4 6.3 6.3 SOUTH SANDWICH ISLANDS REGION
event name:   C201012080524A
time shift:           4.9255
half duration:        3.4000
latitude:           -56.4900
longitude:          -25.4800
depth:               18.3000
Mrr:            3.520218E+25
Mtt:           -2.656767E+24
Mpp:           -3.241256E+25
Mrt:           -6.947447E+24
Mrp:            2.191834E+25
Mtp:            1.713615E+25
