 PDE 2014 11 22 08 55 26.60   30.3400  101.7400   9.0 6.1 5.9 SICHUAN, CHINA
event name:   C201411220855A
time shift:           3.1084
half duration:        2.8000
latitude:            30.2400
longitude:          101.7800
depth:               24.6000
Mrr:           -2.301557E+24
Mtt:            1.900010E+25
Mpp:           -1.674751E+25
Mrt:            1.194851E+24
Mrp:            9.304172E+23
Mtp:           -5.063430E+24
