 PDE 2016 01 25 04 22 02.70   35.6500   -3.6800  12.0 6.4 6.3 STRAIT OF GIBRALTAR
event name:   C201601250422A
time shift:           3.5810
half duration:        3.8000
latitude:            35.5900
longitude:           -3.6000
depth:               12.0000
Mrr:            1.680508E+24
Mtt:           -4.122985E+25
Mpp:            3.945539E+25
Mrt:            2.839118E+24
Mrp:           -2.004083E+25
Mtp:           -1.941456E+25
