 PDE 2010 04 30 23 16 28.50   60.4300 -177.6100  14.3 6.3 6.3 BERING SEA
event name:   C201004302316A
time shift:           1.4581
half duration:        3.6000
latitude:            60.2900
longitude:         -177.4700
depth:               16.0000
Mrr:           -3.484268E+24
Mtt:            2.979177E+25
Mpp:           -2.628183E+25
Mrt:           -9.245722E+24
Mrp:           -1.986118E+25
Mtp:           -7.405139E+24
