 PDE 2010 02 04 20 20 22.00   40.4100 -124.9600  23.6 5.9 5.9 NEAR COAST OF NORTHERN CALIF.
event name:   C201002042020A
time shift:           1.1112
half duration:        2.2000
latitude:            40.3700
longitude:         -125.0800
depth:               18.5000
Mrr:           -5.088072E+23
Mtt:           -9.714669E+24
Mpp:            1.021164E+25
Mrt:            1.881404E+24
Mrp:           -1.301601E+23
Mtp:           -3.668145E+24
