 PDE 2016 08 24 10 34 54.60   20.9200   94.5700  82.0 6.8 6.8 MYANMAR
event name:   C201608241034A
time shift:           3.7651
half duration:        5.8000
latitude:            20.7900
longitude:           94.5800
depth:               88.3000
Mrr:            5.846994E+25
Mtt:           -2.562293E+25
Mpp:           -3.295989E+25
Mrt:            5.034284E+25
Mrp:           -1.806021E+26
Mtp:            5.079435E+24
