 PDE 2015 09 18 15 59 42.60   15.2800  -45.9900  10.0 6.0 6.0 NORTHERN MID-ATLANTIC RIDGE
event name:   C201509181559A
time shift:           2.7852
half duration:        2.4000
latitude:            15.3800
longitude:          -45.8100
depth:               12.0000
Mrr:            1.439448E+23
Mtt:           -4.566975E+24
Mpp:            4.423029E+24
Mrt:            2.748036E+24
Mrp:            9.160121E+23
Mtp:           -1.491792E+25
