 PDE 2011 11 07 16 51 25.10  -63.2400  170.7400   5.5 5.8 5.8 BALLENY ISLANDS REGION
event name:   C201111071651A
time shift:           2.7177
half duration:        1.9000
latitude:           -63.1000
longitude:          170.9100
depth:               12.0000
Mrr:           -5.308716E+23
Mtt:            6.929794E+24
Mpp:           -6.397685E+24
Mrt:           -2.710045E+24
Mrp:            4.590989E+23
Mtp:           -1.509705E+24
