 PDE 2011 08 10 00 53 24.70   27.7200   65.0800  37.0 5.8 5.8 PAKISTAN
event name:   C201108100053A
time shift:           3.8157
half duration:        1.9000
latitude:            27.5600
longitude:           64.9900
depth:               58.5000
Mrr:           -1.201969E+24
Mtt:            2.511044E+24
Mpp:           -1.309075E+24
Mrt:            1.749401E+24
Mrp:           -2.130222E+24
Mtp:            6.224058E+24
