 PDE 2016 04 12 03 22 47.70   -3.7600 -103.9400  10.0 5.8 5.8 CENTRAL EAST PACIFIC RISE
event name:   C201604120322A
time shift:           2.6211
half duration:        2.0000
latitude:            -3.6600
longitude:         -103.9600
depth:               14.4000
Mrr:            4.308776E+23
Mtt:           -6.588488E+23
Mpp:            2.279713E+23
Mrt:            3.700056E+23
Mrp:            1.114790E+24
Mtp:            8.247546E+24
