 PDE 2013 06 16 21 39 05.80   34.3500   25.1600  19.0 6.1 6.0 CRETE, GREECE
event name:   C201306162139A
time shift:           3.8205
half duration:        2.8000
latitude:            34.2200
longitude:           25.1900
depth:               20.0000
Mrr:            1.074223E+24
Mtt:           -2.134675E+24
Mpp:            1.060451E+24
Mrt:            1.198172E+25
Mrp:           -4.882205E+24
Mtp:           -6.472881E+23
