 PDE 2011 11 07 11 59 31.40   36.5000   71.1000 212.1 5.7 5.7 AFGHANISTAN-TAJIKISTAN BORD REG.
event name:   C201111071159A
time shift:           0.9415
half duration:        1.7000
latitude:            36.5900
longitude:           71.0200
depth:              222.0000
Mrr:            4.754892E+24
Mtt:           -6.782539E+23
Mpp:           -4.079010E+24
Mrt:           -3.652137E+23
Mrp:            1.494056E+24
Mtp:            1.245046E+24
