 PDE 2010 11 21 04 36 31.40  -54.9700 -131.4800  10.0 6.0 6.0 PACIFIC-ANTARCTIC RIDGE
event name:   C201011210436A
time shift:           2.8767
half duration:        2.3000
latitude:           -54.7000
longitude:         -131.5300
depth:               15.0000
Mrr:           -1.067747E+24
Mtt:            9.845607E+24
Mpp:           -8.777862E+24
Mrt:            3.973007E+23
Mrp:            2.396219E+24
Mtp:            1.006908E+25
