 PDE 2011 05 19 20 15 22.90   39.1500   29.1000   7.0 5.9 5.9 TURKEY
event name:   C201105192015A
time shift:           3.4891
half duration:        2.2000
latitude:            39.0800
longitude:           29.1100
depth:               12.1000
Mrr:           -7.826871E+24
Mtt:            8.651261E+24
Mpp:           -8.243915E+23
Mrt:            2.715642E+23
Mrp:           -5.140324E+23
Mtp:           -2.104624E+24
