 PDE 2012 07 03 10 36 15.50  -40.0200  173.7600 229.8 6.3 6.3 COOK STRAIT, NEW ZEALAND
event name:   C201207031036A
time shift:           3.7453
half duration:        3.5000
latitude:           -40.0500
longitude:          173.6300
depth:              230.4000
Mrr:            3.761435E+24
Mtt:            9.078968E+24
Mpp:           -1.288161E+25
Mrt:            2.885483E+25
Mrp:           -2.133197E+25
Mtp:            3.194643E+24
