 PDE 2011 07 26 14 26 22.90   -9.2300   67.1100  10.0 5.8 5.8 MID-INDIAN RIDGE
event name:   C201107261426A
time shift:           4.8935
half duration:        1.9000
latitude:            -9.2000
longitude:           67.1200
depth:               19.1000
Mrr:            5.633769E+23
Mtt:           -7.704629E+24
Mpp:            7.151541E+24
Mrt:           -3.627221E+23
Mrp:            2.456735E+24
Mtp:            1.019995E+24
