 PDE 2016 08 18 18 09 43.90  -55.9000 -123.2400  10.0 6.0 6.0 SOUTHERN EAST PACIFIC RISE
event name:   C201608181809A
time shift:           4.3058
half duration:        2.5000
latitude:           -55.9700
longitude:         -123.6300
depth:               13.4000
Mrr:           -4.512323E+23
Mtt:            9.124920E+24
Mpp:           -8.673687E+24
Mrt:           -2.820202E+24
Mrp:           -2.318832E+24
Mtp:            1.453970E+25
