 PDE 2016 01 05 09 34 14.60  -54.2900 -136.2600  10.0 6.0 6.0 PACIFIC-ANTARCTIC RIDGE
event name:   C201601050934A
time shift:           3.3234
half duration:        2.3000
latitude:           -54.4600
longitude:         -136.5600
depth:               12.0000
Mrr:           -8.016121E+23
Mtt:            9.583452E+24
Mpp:           -8.781839E+24
Mrt:           -1.316079E+23
Mrp:            5.503605E+23
Mtp:            9.320236E+24
