 PDE 2016 01 01 02 00 40.00  -50.5600  139.4500  10.0 6.3 6.3 WESTERN INDIAN-ANTARCTIC RIDGE
event name:   C201601010200A
time shift:           4.7448
half duration:        3.6000
latitude:           -50.6500
longitude:          139.4500
depth:               12.0000
Mrr:           -4.174594E+24
Mtt:            6.055042E+24
Mpp:           -1.880447E+24
Mrt:            1.704940E+24
Mrp:           -2.695309E+24
Mtp:           -5.102281E+25
