 PDE 2016 03 12 18 06 44.80   51.5600 -173.9400  19.0 6.4 6.3 ANDREANOF ISLANDS, ALEUTIAN IS.
event name:   C201603121806A
time shift:           6.9008
half duration:        3.8000
latitude:            51.3800
longitude:         -173.8200
depth:               16.5000
Mrr:            3.581891E+25
Mtt:           -3.412478E+25
Mpp:           -1.669936E+24
Mrt:            3.896518E+25
Mrp:            1.597331E+25
Mtp:           -1.135073E+25
