 PDE 2012 05 07 04 40 27.80   41.5500   46.7900  11.0 5.9 5.7 EASTERN CAUCASUS
event name:   C201205070440A
time shift:           2.8486
half duration:        2.1000
latitude:            41.4600
longitude:           46.6800
depth:               15.0000
Mrr:            1.243869E+24
Mtt:           -1.137610E+24
Mpp:           -1.056351E+23
Mrt:            4.450427E+24
Mrp:           -1.450139E+24
Mtp:            5.531781E+23
