 PDE 2010 03 09 14 06 52.30   51.4900 -173.5300  35.0 5.8 5.9 ANDREANOF ISLANDS, ALEUTIAN IS.
event name:   C201003091406A
time shift:           1.7406
half duration:        2.0000
latitude:            51.4800
longitude:         -173.5800
depth:               17.7000
Mrr:            6.089449E+24
Mtt:           -5.711808E+24
Mpp:           -3.811806E+23
Mrt:            5.452181E+24
Mrp:            2.100623E+24
Mtp:           -1.593171E+24
