 PDE 2015 04 26 07 09 10.70   27.7700   86.0200  22.9 6.7 6.7 NEPAL
event name:   C201504260709A
time shift:           8.0757
half duration:        5.4000
latitude:            27.5600
longitude:           85.9500
depth:               20.6000
Mrr:            4.693358E+25
Mtt:           -5.274141E+25
Mpp:            5.807834E+24
Mrt:            9.418109E+25
Mrp:           -1.828684E+25
Mtp:            1.608927E+25
