 PDE 2010 09 23 05 28 35.60   52.2300  179.7500 167.8 5.6 5.5 RAT ISLANDS, ALEUTIAN ISLANDS
event name:   C201009230528A
time shift:           1.6873
half duration:        1.5000
latitude:            52.2000
longitude:          179.7600
depth:              170.8000
Mrr:            4.758530E+22
Mtt:           -5.664482E+23
Mpp:            5.188629E+23
Mrt:            2.095583E+24
Mrp:           -1.400106E+24
Mtp:           -3.660408E+23
