 PDE 2011 07 21 23 01 42.50  -62.5000  164.4500  10.0 5.9 5.9 BALLENY ISLANDS REGION
event name:   C201107212301A
time shift:           4.6293
half duration:        2.2000
latitude:           -62.3600
longitude:          165.4200
depth:               16.1000
Mrr:           -1.330256E+24
Mtt:            1.077630E+25
Mpp:           -9.446041E+24
Mrt:           -3.661256E+24
Mrp:           -6.590260E+23
Mtp:           -3.588031E+24
