 PDE 2013 07 21 23 45 56.70   34.5100  104.2600   8.0 6.0 6.2 GANSU, CHINA
event name:   C201307212345A
time shift:           1.1959
half duration:        2.4000
latitude:            34.6000
longitude:          104.3100
depth:               17.1000
Mrr:            5.218352E+24
Mtt:            3.754149E+24
Mpp:           -8.938448E+24
Mrt:           -3.992506E+24
Mrp:            1.702562E+23
Mtp:            5.848298E+24
