 PDE 2015 06 24 22 32 21.00   61.6600 -151.9600 114.2 5.8 5.8 SOUTHERN ALASKA
event name:   C201506242232A
time shift:           2.4154
half duration:        2.0000
latitude:            61.8500
longitude:         -152.0100
depth:              125.7000
Mrr:            5.744384E+24
Mtt:           -6.282286E+24
Mpp:            5.429762E+23
Mrt:           -9.621336E+23
Mrp:            2.892491E+24
Mtp:            1.593407E+24
