 PDE 2015 05 24 04 53 23.60  -16.8500  -14.1700  10.0 6.3 6.3 SOUTHERN MID-ATLANTIC RIDGE
event name:   C201505240453A
time shift:           5.0572
half duration:        3.5000
latitude:           -16.7800
longitude:          -14.1000
depth:               12.0000
Mrr:            4.606266E+25
Mtt:           -1.120102E+24
Mpp:           -4.492996E+25
Mrt:           -1.321470E+24
Mrp:           -1.485080E+24
Mtp:            6.569591E+24
