 PDE 2016 02 23 18 08 46.60  -63.0400  145.0000  10.0 5.8 5.8 SOUTH OF AUSTRALIA
event name:   C201602231808A
time shift:           3.9676
half duration:        2.0000
latitude:           -62.8600
longitude:          145.0000
depth:               12.0000
Mrr:           -2.055340E+23
Mtt:            3.606793E+24
Mpp:           -3.407889E+24
Mrt:            7.027941E+23
Mrp:           -1.989039E+24
Mtp:            8.844597E+24
