 PDE 2014 07 17 11 49 33.90   60.3000 -140.3400  10.0 6.0 6.0 SOUTHEASTERN ALASKA
event name:   C201407171149A
time shift:           3.5943
half duration:        2.5000
latitude:            60.4100
longitude:         -140.3400
depth:               19.1000
Mrr:            9.172357E+23
Mtt:           -4.302497E+24
Mpp:            3.385262E+24
Mrt:            2.080329E+24
Mrp:            6.174792E+24
Mtp:           -9.408756E+24
