 PDE 2015 01 07 03 06 45.40  -36.3200 -103.6700  10.0 6.0 5.2 SOUTHEAST OF EASTER ISLAND
event name:   C201501070306A
time shift:           0.2950
half duration:        2.4000
latitude:           -35.8800
longitude:         -103.3700
depth:               20.1000
Mrr:           -6.855634E+23
Mtt:           -2.662272E+24
Mpp:            3.359261E+24
Mrt:            7.655459E+23
Mrp:           -1.873873E+24
Mtp:           -1.234015E+25
