 PDE 2016 08 24 01 36 32.90   42.7200   13.1900   4.4 6.2 6.2 CENTRAL ITALY
event name:   C201608240136A
time shift:           4.1894
half duration:        3.1000
latitude:            42.6400
longitude:           13.2200
depth:               12.0000
Mrr:           -2.685837E+25
Mtt:            5.964794E+24
Mpp:            2.081524E+25
Mrt:            1.790557E+23
Mrp:           -7.386050E+24
Mtp:           -1.102312E+25
