 PDE 2016 06 08 08 31 39.80   -4.0600 -104.5500  10.0 5.8 5.9 CENTRAL EAST PACIFIC RISE
event name:   C201606080831A
time shift:           3.8118
half duration:        2.0000
latitude:            -3.8700
longitude:         -104.3900
depth:               14.9000
Mrr:           -4.957505E+23
Mtt:            6.478427E+23
Mpp:           -1.520922E+23
Mrt:            1.439650E+23
Mrp:            2.368456E+23
Mtp:            8.057396E+24
