 PDE 2016 07 06 01 01 57.70  -56.7700 -142.0800  10.0 5.8 5.8 PACIFIC-ANTARCTIC RIDGE
event name:   C201607060101A
time shift:           7.0610
half duration:        2.0000
latitude:           -56.9600
longitude:         -141.5500
depth:               22.9000
Mrr:           -7.077344E+23
Mtt:            6.278874E+24
Mpp:           -5.577189E+24
Mrt:            2.709957E+23
Mrp:           -7.028952E+23
Mtp:            5.395718E+24
