 PDE 2016 09 05 15 19 03.60  -37.1300  178.7000  27.0 5.8 5.9 OFF E. COAST OF N. ISLAND, N.Z.
event name:   C201609051518A
time shift:           2.7823
half duration:        2.0000
latitude:           -37.0700
longitude:          178.8500
depth:               19.7000
Mrr:            9.220873E+23
Mtt:            2.564093E+22
Mpp:           -9.477281E+23
Mrt:            1.272184E+24
Mrp:            6.360923E+24
Mtp:           -4.063101E+23
