 PDE 2011 11 02 14 59 27.90  -55.2900 -128.8400  10.0 6.2 6.2 PACIFIC-ANTARCTIC RIDGE
event name:   C201111021459A
time shift:           4.3448
half duration:        3.0000
latitude:           -55.3400
longitude:         -129.0800
depth:               15.0000
Mrr:           -3.040603E+24
Mtt:            1.799540E+25
Mpp:           -1.489275E+25
Mrt:           -4.058275E+24
Mrp:            3.723188E+23
Mtp:            2.184271E+25
