 PDE 2011 02 02 00 38 19.70   55.0600 -160.4800  54.7 5.9 5.9 ALASKA PENINSULA
event name:   C201102020038A
time shift:          -1.0466
half duration:        2.2000
latitude:            54.7600
longitude:         -160.2000
depth:               49.8000
Mrr:            7.516772E+24
Mtt:           -6.475669E+24
Mpp:           -1.041103E+24
Mrt:            4.882779E+24
Mrp:            2.550705E+24
Mtp:           -3.893729E+24
