 PDE 2011 08 10 23 45 43.00   -7.0400  -12.6200  10.0 6.0 6.0 ASCENSION ISLAND REGION
event name:   C201108102345A
time shift:           4.4440
half duration:        2.4000
latitude:            -6.8900
longitude:          -12.6000
depth:               18.4000
Mrr:           -1.157419E+24
Mtt:           -6.288639E+24
Mpp:            7.458917E+24
Mrt:           -1.324602E+24
Mrp:           -3.858061E+23
Mtp:            1.298880E+25
