 PDE 2012 07 12 14 00 34.30   36.5300   70.9100 198.0 5.8 5.8 HINDU KUSH REGION, AFGHANISTAN
event name:   C201207121400A
time shift:           0.5073
half duration:        1.9000
latitude:            36.4700
longitude:           70.7600
depth:              192.2000
Mrr:            5.073458E+24
Mtt:           -4.628036E+24
Mpp:           -4.475940E+23
Mrt:           -3.574234E+24
Mrp:            2.335747E+23
Mtp:           -7.604755E+23
