 PDE 2012 02 26 06 17 19.80   51.7100   95.9900  12.0 6.7 6.7 SOUTHWESTERN SIBERIA, RUSSIA
event name:   C201202260617A
time shift:           4.4875
half duration:        5.2000
latitude:            51.6900
longitude:           96.0000
depth:               20.5000
Mrr:            7.667251E+25
Mtt:           -6.429118E+25
Mpp:           -1.238132E+25
Mrt:            1.183105E+25
Mrp:           -2.357038E+25
Mtp:            8.914555E+25
