 PDE 2011 09 18 12 40 51.80   27.7200   88.1400  50.0 6.9 6.9 SIKKIM, INDIA
event name:   C201109181240A
time shift:           7.4834
half duration:        6.9000
latitude:            27.4400
longitude:           88.3500
depth:               46.0000
Mrr:           -3.843001E+25
Mtt:           -2.179893E+26
Mpp:            2.565132E+26
Mrt:            8.447086E+25
Mrp:           -1.155719E+25
Mtp:           -5.966517E+25
