 PDE 2011 01 29 06 55 26.10   70.9400   -6.6800   6.0 6.2 6.2 JAN MAYEN ISLAND REGION
event name:   C201101290655A
time shift:           3.6875
half duration:        3.2000
latitude:            70.9900
longitude:           -6.6500
depth:               17.1000
Mrr:           -4.176518E+24
Mtt:            2.657785E+25
Mpp:           -2.241358E+25
Mrt:           -4.066287E+24
Mrp:            8.708225E+24
Mtp:            2.192365E+25
