 PDE 2011 06 05 11 51 12.00  -55.8400  146.6200   3.0 6.4 6.4 WEST OF MACQUARIE ISLAND
event name:   C201106051151A
time shift:           5.8972
half duration:        4.0000
latitude:           -56.0000
longitude:          146.9100
depth:               12.0000
Mrr:           -2.476205E+24
Mtt:            2.927598E+25
Mpp:           -2.682556E+25
Mrt:            4.784753E+24
Mrp:           -1.212310E+24
Mtp:           -6.629010E+25
