 PDE 2015 06 01 20 11 30.60   44.5000 -129.9600  10.0 5.9 5.9 OFF COAST OF OREGON
event name:   C201506012011A
time shift:           1.0678
half duration:        2.3000
latitude:            44.3800
longitude:         -130.2300
depth:               13.3000
Mrr:           -1.220432E+24
Mtt:           -8.103672E+24
Mpp:            9.324103E+24
Mrt:            1.257044E+24
Mrp:            5.613989E+23
Mtp:           -8.359963E+24
