 PDE 2014 03 05 09 56 57.80  -14.7400  169.8200 638.0 0.0 6.3 VANUATU ISLANDS
event name:   C201403050956A
time shift:           5.1244
half duration:        3.8000
latitude:           -14.6404
longitude:          169.7977
depth:              657.6392
Mrr:           -4.054854E+24
Mtt:            1.947643E+25
Mpp:           -1.542158E+25
Mrt:           -2.907731E+25
Mrp:            3.668538E+25
Mtp:           -8.238479E+24
