 PDE 2012 12 05 17 08 13.60   33.5100   59.5700  14.4 5.8 5.8 NORTHERN AND CENTRAL IRAN
event name:   C201212051708A
time shift:          -0.7725
half duration:        1.9000
latitude:            33.4100
longitude:           59.6000
depth:               15.0000
Mrr:            1.476170E+24
Mtt:           -1.307024E+24
Mpp:           -1.737573E+23
Mrt:            5.612516E+22
Mrp:            2.936960E+24
Mtp:            2.998468E+24
