 PDE 2011 09 03 04 48 57.30  -56.4500  -26.8500  84.0 6.4 6.4 SOUTH SANDWICH ISLANDS REGION
event name:   C201109030449A
time shift:           6.6267
half duration:        3.7000
latitude:           -56.5700
longitude:          -26.4400
depth:               98.9000
Mrr:            3.995447E+25
Mtt:           -2.690344E+24
Mpp:           -3.732136E+25
Mrt:           -2.301101E+25
Mrp:            1.202069E+25
Mtp:            2.072137E+25
