 PDE 2011 10 23 10 41 22.90   38.7200   43.5100  16.0 7.1 7.3 TURKEY
event name:   C201110231041A
time shift:           6.9250
half duration:        9.0000
latitude:            38.6400
longitude:           43.4000
depth:               12.0000
Mrr:            5.542237E+26
Mtt:           -6.162715E+26
Mpp:            6.215299E+25
Mrt:            2.240031E+26
Mrp:           -1.871951E+26
Mtp:           -6.436145E+25
