 PDE 2012 04 14 10 56 19.40  -57.6800  -65.3100  15.0 6.2 6.2 DRAKE PASSAGE
event name:   C201204141056A
time shift:           4.6459
half duration:        3.2000
latitude:           -57.5900
longitude:          -65.7600
depth:               19.9000
Mrr:            1.501073E+25
Mtt:            1.851792E+25
Mpp:           -3.352865E+25
Mrt:           -3.829839E+24
Mrp:            4.334873E+24
Mtp:            2.960059E+25
