 PDE 2015 09 26 21 40 35.40  -57.1000 -142.4400  10.0 6.0 5.9 PACIFIC-ANTARCTIC RIDGE
event name:   C201509262140A
time shift:           4.6073
half duration:        2.4000
latitude:           -56.6800
longitude:         -142.4900
depth:               23.8000
Mrr:           -7.409189E+23
Mtt:            1.251060E+25
Mpp:           -1.172110E+25
Mrt:           -7.166265E+23
Mrp:           -7.530651E+23
Mtp:            8.963905E+24
