 PDE 2010 12 24 05 48 53.00  -63.5900 -167.3400   4.0 6.0 6.0 PACIFIC-ANTARCTIC RIDGE
event name:   C201012240548A
time shift:           4.4621
half duration:        2.3000
latitude:           -63.5900
longitude:         -167.6200
depth:               14.6000
Mrr:           -1.676270E+24
Mtt:            1.140110E+25
Mpp:           -9.724832E+24
Mrt:           -1.774874E+24
Mrp:            7.641821E+23
Mtp:            7.074846E+24
