 PDE 2014 05 05 11 08 43.40   19.6600   99.6700   6.0 6.2 6.1 THAILAND
event name:   C201405051108A
time shift:           4.4131
half duration:        3.0000
latitude:            19.7200
longitude:           99.6800
depth:               12.0000
Mrr:           -2.739359E+23
Mtt:           -1.764149E+25
Mpp:            1.797020E+25
Mrt:           -1.424467E+24
Mrp:            3.714571E+24
Mtp:            1.753190E+25
