 PDE 2014 10 08 02 40 53.10   23.8400 -108.3300  10.0 6.1 6.1 GULF OF CALIFORNIA
event name:   C201410080240A
time shift:           1.5278
half duration:        2.7000
latitude:            23.8500
longitude:         -108.6200
depth:               15.2000
Mrr:           -1.295334E+24
Mtt:           -1.681845E+25
Mpp:            1.817646E+25
Mrt:           -1.953447E+24
Mrp:           -4.074034E+23
Mtp:           -4.867948E+24
