 PDE 2012 05 18 02 00 39.50  -44.8100  -80.1600  10.0 6.3 6.3 OFF COAST OF SOUTHERN CHILE
event name:   C201205180200A
time shift:           7.6955
half duration:        3.6000
latitude:           -44.9000
longitude:          -80.5100
depth:               20.6000
Mrr:           -3.108387E+24
Mtt:            1.920239E+25
Mpp:           -1.608200E+25
Mrt:            5.328665E+24
Mrp:           -1.248155E+24
Mtp:           -4.620576E+25
