 PDE 2012 04 12 07 15 48.50   28.7000 -113.1000  13.0 7.0 7.0 BAJA CALIFORNIA, MEXICO
event name:   C201204120715A
time shift:          15.4433
half duration:        8.1000
latitude:            28.5700
longitude:         -112.7600
depth:               15.8000
Mrr:           -2.011523E+25
Mtt:           -4.023047E+26
Mpp:            4.223245E+26
Mrt:           -8.913621E+25
Mrp:           -7.988892E+25
Mtp:           -6.139434E+25
