 PDE 2015 10 23 04 04 18.10  -45.8100   37.1700  10.0 6.0 6.0 PRINCE EDWARD ISLANDS REGION
event name:   C201510230404A
time shift:           3.8585
half duration:        2.5000
latitude:           -45.6500
longitude:           37.1300
depth:               20.5000
Mrr:           -1.987473E+24
Mtt:           -8.722096E+24
Mpp:            1.069691E+25
Mrt:           -3.835696E+24
Mrp:            2.202677E+24
Mtp:           -1.430474E+25
