 PDE 2011 04 01 13 29 10.70   35.6600   26.5600  59.9 6.1 6.1 CRETE, GREECE
event name:   C201104011329A
time shift:           0.9465
half duration:        2.9000
latitude:            35.4900
longitude:           26.6700
depth:               75.8000
Mrr:            1.848163E+24
Mtt:            1.969899E+25
Mpp:           -2.146968E+25
Mrt:            6.396639E+24
Mrp:            3.463923E+24
Mtp:           -4.493140E+24
