 PDE 2015 10 23 01 40 06.30  -54.2300    6.1600  11.0 6.1 6.2 BOUVET ISLAND REGION
event name:   C201510230140A
time shift:           8.2084
half duration:        2.8000
latitude:           -54.3300
longitude:            6.5300
depth:               15.1000
Mrr:           -3.345728E+24
Mtt:            2.369394E+25
Mpp:           -2.036012E+25
Mrt:            2.464647E+24
Mrp:            3.679111E+24
Mtp:            4.048212E+24
