 PDE 2016 07 31 11 33 20.60  -56.2600  -27.5400  99.0 5.9 5.9 SOUTH SANDWICH ISLANDS REGION
event name:   C201607311133A
time shift:           2.8321
half duration:        2.2000
latitude:           -56.2400
longitude:          -27.1900
depth:              108.8000
Mrr:            2.495734E+23
Mtt:            1.177641E+24
Mpp:           -1.426134E+24
Mrt:           -5.250766E+24
Mrp:            1.156033E+24
Mtp:            8.135445E+24
