 PDE 2015 03 06 08 22 19.00  -41.3200   80.6000  10.0 6.0 5.9 MID-INDIAN RIDGE
event name:   C201503060822A
time shift:           5.0969
half duration:        2.3000
latitude:           -41.2300
longitude:           80.6400
depth:               12.0000
Mrr:           -1.753811E+23
Mtt:            1.443521E+25
Mpp:           -1.416540E+25
Mrt:            1.483994E+24
Mrp:           -5.396344E+23
Mtp:           -1.888721E+24
