 PDE 2016 04 10 10 28 58.70   36.4700   71.1300 212.0 6.6 6.6 AFGHANISTAN-TAJIKISTAN BORD REG.
event name:   C201604101028A
time shift:           2.0996
half duration:        5.1000
latitude:            36.4400
longitude:           71.0400
depth:              210.8000
Mrr:            1.210002E+26
Mtt:           -1.291445E+26
Mpp:            8.958671E+24
Mrt:            3.467122E+25
Mrp:            2.280389E+25
Mtp:           -3.141352E+24
