 PDE 2011 11 19 18 06 24.30   53.1300 -174.1300 214.9 5.6 5.6 ANDREANOF ISLANDS, ALEUTIAN IS.
event name:   C201111191806A
time shift:           3.8196
half duration:        1.6000
latitude:            53.0200
longitude:         -174.1400
depth:              232.0000
Mrr:           -1.223113E+24
Mtt:           -1.872304E+23
Mpp:            1.411286E+24
Mrt:            2.549722E+24
Mrp:           -7.969057E+23
Mtp:           -1.477145E+24
