 PDE 2010 05 19 10 30 10.40  -54.8000 -135.2500  10.0 6.0 6.0 PACIFIC-ANTARCTIC RIDGE
event name:   C201005191030A
time shift:           2.7429
half duration:        2.3000
latitude:           -54.7200
longitude:         -135.4900
depth:               14.9000
Mrr:           -1.408504E+24
Mtt:            9.743120E+24
Mpp:           -8.334617E+24
Mrt:            6.053073E+23
Mrp:            5.703857E+23
Mtp:            9.196016E+24
