 PDE 2015 04 24 13 56 15.20   51.6200 -130.7700   8.0 6.2 6.2 QUEEN CHARLOTTE ISLANDS REGION
event name:   C201504241356A
time shift:           5.7250
half duration:        3.2000
latitude:            51.6900
longitude:         -130.8500
depth:               12.0000
Mrr:            6.156955E+24
Mtt:           -2.576088E+25
Mpp:            1.956115E+25
Mrt:            9.128541E+24
Mrp:            1.496482E+23
Mtp:            1.699576E+25
