 PDE 2012 04 11 22 41 46.00   43.5800 -127.6400   8.0 6.0 6.0 OFF COAST OF OREGON
event name:   C201204112241A
time shift:           0.7172
half duration:        2.4000
latitude:            43.4000
longitude:         -127.9200
depth:               19.6000
Mrr:           -6.905581E+23
Mtt:           -6.519680E+24
Mpp:            7.210239E+24
Mrt:           -5.727569E+24
Mrp:            1.066303E+24
Mtp:           -7.992194E+24
