 PDE 2010 07 18 19 48 07.00   52.7700 -169.5600  25.7 6.0 6.0 FOX ISLANDS, ALEUTIAN ISLANDS
event name:   C201007181948A
time shift:           1.4532
half duration:        2.5000
latitude:            52.6000
longitude:         -169.4300
depth:               12.0000
Mrr:           -1.118028E+25
Mtt:            3.556560E+24
Mpp:            7.597303E+24
Mrt:            2.200841E+24
Mrp:            1.214864E+24
Mtp:           -6.760985E+24
