 PDE 2015 09 10 10 26 44.80   52.1000 -169.5400  20.0 6.0 6.0 FOX ISLANDS, ALEUTIAN ISLANDS
event name:   C201509101026A
time shift:           3.9016
half duration:        2.4000
latitude:            51.9700
longitude:         -169.4800
depth:               15.3000
Mrr:            8.947404E+24
Mtt:           -7.245271E+24
Mpp:           -1.702135E+24
Mrt:            9.294552E+24
Mrp:            3.213899E+24
Mtp:           -4.042570E+24
