 PDE 2010 05 20 08 06 28.80  -39.0700  -92.1500  10.0 5.9 5.9 SOUTHEAST OF EASTER ISLAND
event name:   C201005200806A
time shift:           1.5744
half duration:        2.2000
latitude:           -39.0400
longitude:          -92.3300
depth:               12.0000
Mrr:           -2.196410E+24
Mtt:            1.977982E+24
Mpp:            2.172139E+23
Mrt:            7.280917E+21
Mrp:           -1.723150E+24
Mtp:           -1.104273E+25
