 PDE 2012 10 08 06 26 23.00   25.1300 -109.5700  14.0 6.0 6.0 GULF OF CALIFORNIA
event name:   C201210080626A
time shift:          -0.7327
half duration:        2.4000
latitude:            25.1700
longitude:         -109.7300
depth:               19.7000
Mrr:           -3.947802E+23
Mtt:           -1.125123E+25
Mpp:            1.164603E+25
Mrt:           -2.220639E+24
Mrp:           -7.500825E+23
Mtp:           -2.191030E+24
