 PDE 2012 03 17 19 50 20.60  -34.9000 -107.6400  11.8 5.9 5.8 SOUTHERN EAST PACIFIC RISE
event name:   C201203171950A
time shift:           3.6203
half duration:        2.1000
latitude:           -35.0900
longitude:         -107.7900
depth:               18.2000
Mrr:           -4.233197E+23
Mtt:           -2.798416E+24
Mpp:            3.225294E+24
Mrt:            7.944656E+23
Mrp:           -2.217389E+24
Mtp:           -8.857699E+24
