 PDE 2016 03 19 01 35 12.20   51.5100 -174.1400  17.0 6.0 6.0 ANDREANOF ISLANDS, ALEUTIAN IS.
event name:   C201603190135A
time shift:           3.9124
half duration:        2.6000
latitude:            51.4000
longitude:         -174.1300
depth:               15.9000
Mrr:            1.174907E+25
Mtt:           -1.047492E+25
Mpp:           -1.274142E+24
Mrt:            1.261891E+25
Mrp:            5.427357E+24
Mtp:           -4.692276E+24
