 PDE 2011 07 18 22 38 39.00   51.2800  178.9400  19.0 5.8 5.8 RAT ISLANDS, ALEUTIAN ISLANDS
event name:   C201107182238A
time shift:           4.8058
half duration:        1.9000
latitude:            51.1100
longitude:          178.9500
depth:               22.9000
Mrr:            4.868385E+24
Mtt:           -4.967966E+24
Mpp:            1.051128E+23
Mrt:            3.252967E+24
Mrp:            1.703935E+24
Mtp:           -1.034533E+24
