 PDE 2016 07 24 14 10 51.00    0.9200  -28.9700  10.0 5.8 5.7 CENTRAL MID-ATLANTIC RIDGE
event name:   C201607241410A
time shift:           4.7165
half duration:        2.0000
latitude:             0.9700
longitude:          -28.7700
depth:               23.0000
Mrr:           -5.351274E+23
Mtt:            1.797069E+24
Mpp:           -1.267266E+24
Mrt:           -9.318139E+21
Mrp:           -9.451256E+23
Mtp:           -9.224959E+24
