 PDE 2011 09 23 19 02 48.20   -9.0500 -109.4400  10.0 5.8 5.8 CENTRAL EAST PACIFIC RISE
event name:   C201109231902A
time shift:           1.5793
half duration:        2.1000
latitude:            -9.0700
longitude:         -109.6600
depth:               16.1000
Mrr:            3.863404E+23
Mtt:           -2.870269E+24
Mpp:            2.488293E+24
Mrt:           -1.527900E+24
Mrp:            8.468929E+23
Mtp:            7.508535E+24
