 PDE 2015 12 23 16 55 09.50  -54.1800   -1.4900  10.0 5.9 5.8 BOUVET ISLAND REGION
event name:   C201512231655A
time shift:           3.7435
half duration:        2.1000
latitude:           -54.1800
longitude:           -1.1700
depth:               12.0000
Mrr:           -1.082180E+24
Mtt:            5.718542E+24
Mpp:           -4.644807E+24
Mrt:            1.278830E+23
Mrp:            5.453125E+23
Mtp:           -8.167621E+24
