 PDE 2014 02 26 21 13 40.10   53.6000 -171.8200 265.0 6.1 6.1 FOX ISLANDS, ALEUTIAN ISLANDS
event name:   C201402262113B
time shift:           4.5466
half duration:        2.8000
latitude:            53.6000
longitude:         -171.8700
depth:              274.9000
Mrr:            3.105266E+24
Mtt:           -6.056805E+24
Mpp:            2.951540E+24
Mrt:            1.506515E+25
Mrp:           -1.137573E+25
Mtp:           -6.015812E+24
