 PDE 2010 09 03 11 16 06.60   51.4500 -175.8700  23.5 6.5 6.5 ANDREANOF ISLANDS, ALEUTIAN IS.
event name:   C201009031116A
time shift:           4.2537
half duration:        4.2000
latitude:            51.4100
longitude:         -175.9700
depth:               38.7000
Mrr:            5.038914E+25
Mtt:           -4.687616E+25
Mpp:           -3.556881E+24
Mrt:            3.414165E+25
Mrp:            2.766461E+25
Mtp:           -1.932132E+25
