 PDE 2016 02 16 23 48 35.70  -55.7800 -125.1700  13.0 6.1 6.1 SOUTHERN EAST PACIFIC RISE
event name:   C201602162348A
time shift:           3.3036
half duration:        2.8000
latitude:           -55.7400
longitude:         -124.5700
depth:               20.1000
Mrr:           -3.052149E+24
Mtt:            1.526076E+25
Mpp:           -1.225905E+25
Mrt:           -2.699007E+24
Mrp:           -1.336892E+24
Mtp:            1.929665E+25
