 PDE 2011 05 14 21 07 22.20   36.4100   70.7500 207.3 6.0 6.0 HINDU KUSH REGION, AFGHANISTAN
event name:   C201105142107A
time shift:          -0.0216
half duration:        2.4000
latitude:            36.4500
longitude:           70.6200
depth:              210.2000
Mrr:            8.746609E+24
Mtt:           -7.386276E+24
Mpp:           -1.360334E+24
Mrt:            8.375609E+24
Mrp:           -5.801093E+24
Mtp:            2.563274E+24
