 PDE 2011 10 14 06 10 14.60   54.0800  123.7200  12.0 6.0 6.1 SOUTHEASTERN SIBERIA, RUSSIA
event name:   C201110140610A
time shift:           2.2998
half duration:        2.5000
latitude:            54.1700
longitude:          123.7700
depth:               21.8000
Mrr:           -1.175168E+24
Mtt:            5.846214E+24
Mpp:           -4.671046E+24
Mrt:            1.777565E+23
Mrp:           -1.787441E+24
Mtp:            1.244296E+25
