 PDE 2010 01 05 04 55 38.90  -58.1700  -14.7000  10.0 6.8 6.8 EAST OF SOUTH SANDWICH ISLANDS
event name:   C201001050455A
time shift:           8.0220
half duration:        5.9000
latitude:           -58.5000
longitude:          -14.8500
depth:               15.1000
Mrr:           -3.087632E+25
Mtt:           -3.640832E+25
Mpp:            6.728464E+25
Mrt:            3.975325E+25
Mrp:            9.777501E+24
Mtp:            2.212803E+26
