 PDE 2012 06 29 15 31 46.70  -24.7400   -9.6700  10.0 5.8 5.8 SOUTH ATLANTIC OCEAN
event name:   C201206291531A
time shift:           2.6941
half duration:        1.9000
latitude:           -24.6300
longitude:           -9.6700
depth:               12.0000
Mrr:            7.386092E+24
Mtt:           -4.773775E+22
Mpp:           -7.333051E+24
Mrt:            4.773775E+22
Mrp:            2.108417E+24
Mtp:            2.904046E+24
