 PDE 2013 01 09 01 41 53.30   25.3300   95.0500  93.0 5.8 5.8 MYANMAR-INDIA BORDER REGION
event name:   C201301090141A
time shift:           0.3486
half duration:        2.0000
latitude:            25.0900
longitude:           94.9500
depth:              105.9000
Mrr:            6.516073E+24
Mtt:           -5.294309E+24
Mpp:           -1.221762E+24
Mrt:            5.690557E+23
Mrp:           -2.080300E+24
Mtp:            4.578863E+24
