 PDE 2016 08 21 03 45 23.80  -55.3100  -31.7500  12.0 6.1 6.1 SOUTH GEORGIA ISLAND REGION
event name:   C201608210345A
time shift:           5.1793
half duration:        2.7000
latitude:           -55.2300
longitude:          -31.5900
depth:               23.4000
Mrr:            1.426887E+25
Mtt:           -9.949987E+24
Mpp:           -4.306139E+24
Mrt:           -6.688532E+24
Mrp:            1.426887E+25
Mtp:            1.073988E+25
