 PDE 2013 05 26 06 08 16.00   39.9600   67.3100  18.0 5.8 5.9 SOUTHEASTERN UZBEKISTAN
event name:   C201305260608A
time shift:           2.8205
half duration:        1.9000
latitude:            39.9400
longitude:           67.2600
depth:               26.9000
Mrr:            5.173180E+24
Mtt:           -1.678076E+24
Mpp:           -3.505792E+24
Mrt:            2.223186E+24
Mrp:            1.132969E+24
Mtp:           -3.206517E+24
