 PDE 2011 01 24 02 45 31.50   38.4100   72.7900 110.0 6.1 6.1 TAJIKISTAN
event name:   C201101240245A
time shift:           2.0620
half duration:        2.6000
latitude:            38.5000
longitude:           72.7800
depth:              119.2000
Mrr:           -2.965745E+24
Mtt:           -7.746352E+24
Mpp:            1.071210E+25
Mrt:           -9.882132E+24
Mrp:           -8.731245E+24
Mtp:           -6.241346E+24
