 PDE 2016 05 20 18 14 04.70  -25.5700  129.8800  10.0 6.0 6.0 NORTHERN TERRITORY, AUSTRALIA
event name:   C201605201814A
time shift:           3.2508
half duration:        2.5000
latitude:           -25.6100
longitude:          129.9400
depth:               12.0000
Mrr:            1.536897E+25
Mtt:           -6.874973E+24
Mpp:           -8.493996E+24
Mrt:           -8.212428E+23
Mrp:           -6.100660E+23
Mtp:            9.995693E+24
