 PDE 2015 10 11 00 58 27.20  -54.4900 -135.7100  10.0 6.1 6.1 PACIFIC-ANTARCTIC RIDGE
event name:   C201510110058A
time shift:           3.5046
half duration:        2.6000
latitude:           -54.6100
longitude:         -136.1100
depth:               12.9000
Mrr:           -6.407227E+23
Mtt:            1.340771E+25
Mpp:           -1.281446E+25
Mrt:           -1.542481E+23
Mrp:            4.390136E+23
Mtp:            1.317041E+25
