 PDE 2015 05 19 15 25 21.10  -54.3300 -132.1600   7.2 6.6 6.7 PACIFIC-ANTARCTIC RIDGE
event name:   C201505191525A
time shift:           7.6491
half duration:        5.0000
latitude:           -54.5300
longitude:         -132.3900
depth:               14.9000
Mrr:           -4.222754E+24
Mtt:            8.674744E+25
Mpp:           -8.252468E+25
Mrt:           -3.378204E+24
Mrp:            3.354073E+25
Mtp:            9.253863E+25
