 PDE 2011 09 15 07 53 18.80  -35.3100 -179.0300  10.0 6.0 6.2 EAST OF NORTH ISLAND, N.Z.
event name:   C201109150753A
time shift:           4.8793
half duration:        2.4000
latitude:           -35.1800
longitude:         -178.6800
depth:               12.0000
Mrr:           -1.566747E+25
Mtt:           -2.061510E+24
Mpp:            1.772898E+25
Mrt:           -1.291880E+24
Mrp:            5.634792E+23
Mtp:            4.260454E+24
