 PDE 2014 09 25 17 51 17.00   61.9400 -151.8200 108.9 6.3 6.2 SOUTHERN ALASKA
event name:   C201409251751A
time shift:           3.8514
half duration:        3.4000
latitude:            62.0000
longitude:         -151.7800
depth:              109.2000
Mrr:            3.146500E+24
Mtt:           -3.354945E+25
Mpp:            3.047242E+25
Mrt:           -3.206056E+24
Mrp:            9.687648E+24
Mtp:           -3.374796E+23
