 PDE 2016 02 27 21 29 43.60  -51.7900  139.6000  10.0 6.1 6.1 WESTERN INDIAN-ANTARCTIC RIDGE
event name:   C201602272129A
time shift:           4.3824
half duration:        2.7000
latitude:           -51.7500
longitude:          139.6100
depth:               13.6000
Mrr:           -7.216828E+23
Mtt:            1.494010E+24
Mpp:           -7.723272E+23
Mrt:           -9.115993E+23
Mrp:           -1.899165E+23
Mtp:           -2.127066E+25
