 PDE 2011 07 05 03 36 25.10  -38.6700  175.7500 152.3 5.5 0.0 NORTH ISLAND, NEW ZEALAND
event name:   C201107050336A
time shift:           1.7410
half duration:        1.4000
latitude:           -38.6300
longitude:          175.6800
depth:              159.1000
Mrr:            1.168663E+24
Mtt:            7.870993E+23
Mpp:           -1.947771E+24
Mrt:            1.468319E+24
Mrp:           -8.430353E+23
Mtp:            3.915519E+23
