 PDE 2014 10 07 13 49 39.70   23.3800  100.4700   8.5 6.1 6.1 YUNNAN, CHINA
event name:   C201410071349A
time shift:           4.3709
half duration:        2.8000
latitude:            23.3800
longitude:          100.5400
depth:               12.1000
Mrr:           -3.496537E+23
Mtt:           -1.655713E+25
Mpp:            1.686564E+25
Mrt:            1.604294E+24
Mrp:            3.383413E+24
Mtp:            9.296673E+24
