 PDE 2010 09 26 18 27 57.80   52.4400  179.7300 225.8 5.8 5.8 RAT ISLANDS, ALEUTIAN ISLANDS
event name:   C201009261827A
time shift:           2.7093
half duration:        1.8000
latitude:            52.5400
longitude:          179.6800
depth:              219.9000
Mrr:            2.875554E+24
Mtt:           -2.820434E+24
Mpp:           -5.420376E+22
Mrt:            3.849387E+24
Mrp:           -8.975777E+23
Mtp:            1.166759E+24
