 PDE 2016 04 19 05 25 39.90  -55.7300  -27.2300  14.0 6.3 6.2 SOUTH SANDWICH ISLANDS REGION
event name:   C201604190525A
time shift:           8.5346
half duration:        3.3000
latitude:           -55.5900
longitude:          -27.0500
depth:               21.0000
Mrr:            2.901151E+25
Mtt:           -1.938439E+25
Mpp:           -9.640149E+24
Mrt:           -2.146592E+25
Mrp:            1.548148E+25
Mtp:            1.522129E+25
