 PDE 2010 11 12 19 01 30.00  -35.9600 -102.2100  10.0 5.8 5.8 SOUTHEAST OF EASTER ISLAND
event name:   C201011121901A
time shift:           2.5446
half duration:        2.0000
latitude:           -35.9900
longitude:         -102.2800
depth:               18.8000
Mrr:           -7.366573E+23
Mtt:           -1.652987E+24
Mpp:            2.383656E+24
Mrt:           -7.905591E+22
Mrp:           -1.317597E+24
Mtp:           -8.432630E+24
