 PDE 2012 08 12 10 47 06.40   35.6600   82.5200  13.0 6.2 6.3 XIZANG
event name:   C201208121047A
time shift:           3.7378
half duration:        3.1000
latitude:            35.8800
longitude:           82.5200
depth:               16.7000
Mrr:           -1.890217E+25
Mtt:           -5.632078E+24
Mpp:            2.449567E+25
Mrt:            7.657311E+24
Mrp:           -4.812340E+24
Mtp:            5.680297E+24
