 PDE 2016 06 21 16 26 34.40   22.6600  -45.1400  10.0 6.1 6.1 NORTHERN MID-ATLANTIC RIDGE
event name:   C201606211626A
time shift:           4.0255
half duration:        2.9000
latitude:            22.7400
longitude:          -44.9500
depth:               12.0000
Mrr:           -2.494261E+25
Mtt:           -2.005435E+23
Mpp:            2.506796E+25
Mrt:           -1.742223E+24
Mrp:           -4.249019E+24
Mtp:            5.665357E+24
