 PDE 2012 01 22 05 53 42.10  -56.7600  -25.1500  13.0 5.9 6.1 SOUTH SANDWICH ISLANDS REGION
event name:   C201201220553A
time shift:           7.0828
half duration:        2.3000
latitude:           -56.8000
longitude:          -24.5200
depth:               12.0000
Mrr:            1.108440E+25
Mtt:            4.269548E+23
Mpp:           -1.151137E+25
Mrt:           -5.632521E+24
Mrp:            1.116651E+25
Mtp:            2.364673E+24
