 PDE 2010 01 17 12 00 01.10  -57.6600  -65.8800   5.0 6.2 6.3 DRAKE PASSAGE
event name:   C201001171200A
time shift:           4.9733
half duration:        3.2000
latitude:           -57.9400
longitude:          -66.1600
depth:               18.6000
Mrr:            9.985701E+24
Mtt:            1.736060E+25
Mpp:           -2.731937E+25
Mrt:            9.810748E+24
Mrp:            8.384220E+24
Mtp:            2.799226E+25
