 PDE 2012 01 15 13 40 19.50  -60.9500  -56.1100   8.0 6.5 6.6 SOUTH SHETLAND ISLANDS
event name:   C201201151340A
time shift:           7.3029
half duration:        4.6000
latitude:           -60.6200
longitude:          -56.4700
depth:               13.6000
Mrr:           -4.641706E+24
Mtt:            1.013648E+26
Mpp:           -9.672311E+25
Mrt:            3.261739E+24
Mrp:            3.274285E+25
Mtp:            1.706140E+25
