 PDE 2016 04 02 05 50 00.00   57.0100 -157.9300  11.4 6.2 6.2 ALASKA PENINSULA
event name:   C201604020550A
time shift:           6.8759
half duration:        3.2000
latitude:            57.2200
longitude:         -157.6600
depth:               12.0000
Mrr:            2.477190E+25
Mtt:           -2.301642E+25
Mpp:           -1.765242E+24
Mrt:           -6.895174E+24
Mrp:           -2.204115E+24
Mtp:           -8.436105E+24
