 PDE 2011 12 27 15 21 56.80   51.8400   95.9100  15.0 6.7 6.7 SOUTHWESTERN SIBERIA, RUSSIA
event name:   C201112271521A
time shift:           7.0631
half duration:        5.4000
latitude:            51.7800
longitude:           95.9100
depth:               19.5000
Mrr:            3.570993E+25
Mtt:           -7.465803E+25
Mpp:            3.894811E+25
Mrt:            4.065714E+25
Mrp:            1.034419E+25
Mtp:            1.007434E+26
