 PDE 2015 07 27 04 49 46.40   52.3800 -169.4500  29.0 6.9 6.9 FOX ISLANDS, ALEUTIAN ISLANDS
event name:   C201507270449A
time shift:           6.0998
half duration:        6.9000
latitude:            52.2100
longitude:         -169.4200
depth:               27.1000
Mrr:            2.211467E+26
Mtt:           -1.755839E+26
Mpp:           -4.489612E+25
Mrt:            2.022547E+26
Mrp:            9.812691E+25
Mtp:           -9.190368E+25
