 PDE 2014 08 24 10 20 44.10   38.2200 -122.3100  11.2 6.1 6.1 NORTHERN CALIFORNIA
event name:   C201408241020A
time shift:           4.0738
half duration:        2.6000
latitude:            38.3100
longitude:         -122.3800
depth:               12.0000
Mrr:           -5.144185E+23
Mtt:           -1.168158E+25
Mpp:            1.221744E+25
Mrt:           -1.457520E+24
Mrp:           -2.679264E+24
Mtp:            1.200310E+25
