 PDE 2012 05 23 22 59 52.70  -50.4200  139.5200  10.0 6.0 6.0 WESTERN INDIAN-ANTARCTIC RIDGE
event name:   C201205232259A
time shift:           3.6228
half duration:        2.5000
latitude:           -50.4800
longitude:          139.4200
depth:               12.0000
Mrr:           -7.939417E+23
Mtt:            1.296772E+24
Mpp:           -5.028297E+23
Mrt:            7.277799E+23
Mrp:           -3.440414E+23
Mtp:           -1.706975E+25
