 PDE 2011 05 15 13 08 13.10    0.5700  -25.6500  10.0 6.1 6.1 CENTRAL MID-ATLANTIC RIDGE
event name:   C201105151308A
time shift:           8.8014
half duration:        2.7000
latitude:             0.8700
longitude:          -25.6200
depth:               12.8000
Mrr:           -9.817849E+23
Mtt:            2.920810E+24
Mpp:           -1.926753E+24
Mrt:            3.583515E+24
Mrp:           -8.958788E+23
Mtp:           -1.926753E+25
