 PDE 2015 09 13 08 14 12.20   25.1400 -109.4300  10.0 6.6 6.7 GULF OF CALIFORNIA
event name:   C201509130814A
time shift:           2.7811
half duration:        4.9000
latitude:            25.0900
longitude:         -109.5300
depth:               14.9000
Mrr:           -3.313056E+24
Mtt:           -9.648018E+25
Mpp:            9.979320E+25
Mrt:           -1.505934E+24
Mrp:           -1.706727E+24
Mtp:           -1.636449E+25
