 PDE 2012 04 12 07 06 00.60   28.8400 -113.0300   9.0 6.1 6.0 BAJA CALIFORNIA, MEXICO
event name:   C201204120706A
time shift:           4.3835
half duration:        2.7000
latitude:            28.9000
longitude:         -113.0900
depth:               15.9000
Mrr:           -2.580195E+24
Mtt:           -1.193685E+25
Mpp:            1.450786E+25
Mrt:           -4.324812E+24
Mrp:           -6.014335E+24
Mtp:           -4.131985E+23
