 PDE 2012 10 30 02 49 02.30   52.3700 -131.9000   9.0 6.2 6.2 QUEEN CHARLOTTE ISLANDS REGION
event name:   C201210300249A
time shift:           3.6496
half duration:        3.1000
latitude:            52.1500
longitude:         -132.1100
depth:               12.0000
Mrr:           -2.353471E+25
Mtt:            1.353245E+25
Mpp:            1.000225E+25
Mrt:            3.461562E+24
Mrp:           -5.942513E+24
Mtp:           -1.314020E+25
