 PDE 2015 08 10 10 05 25.80   36.5300   71.2100 224.0 5.9 5.9 AFGHANISTAN-TAJIKISTAN BORD REG.
event name:   C201508101005A
time shift:           1.1826
half duration:        2.2000
latitude:            36.4600
longitude:           71.0300
depth:              229.8000
Mrr:            9.358629E+24
Mtt:           -8.577799E+24
Mpp:           -7.808288E+23
Mrt:            3.723082E+24
Mrp:            3.609918E+24
Mtp:           -1.663505E+24
