 PDE 2010 03 08 02 32 34.70   38.8700   39.9900  12.0 6.0 6.1 TURKEY
event name:   C201003080232A
time shift:           1.7941
half duration:        2.6000
latitude:            38.8200
longitude:           40.0400
depth:               15.1000
Mrr:            7.752925E+23
Mtt:           -1.280134E+25
Mpp:            1.198999E+25
Mrt:            5.715529E+24
Mrp:            1.487479E+24
Mtp:            1.658765E+24
