 PDE 2012 10 09 12 32 09.80  -60.3300  153.7000  10.0 6.6 6.6 WEST OF MACQUARIE ISLAND
event name:   C201210091232A
time shift:          10.3256
half duration:        4.7000
latitude:           -60.6500
longitude:          153.3900
depth:               20.7000
Mrr:           -1.259241E+25
Mtt:            7.870262E+25
Mpp:           -6.611021E+25
Mrt:            1.074699E+25
Mrp:            1.172398E+25
Mtp:           -6.426478E+25
