 PDE 2012 08 11 12 34 35.90   38.3900   46.7400  12.0 6.3 6.3 ARMENIA-AZERBAIJAN-IRAN BORD REG
event name:   C201208111234A
time shift:           2.8885
half duration:        3.7000
latitude:            38.3500
longitude:           46.7800
depth:               19.2000
Mrr:            2.635570E+25
Mtt:           -1.137121E+25
Mpp:           -1.498449E+25
Mrt:           -1.891660E+25
Mrp:            4.654759E+24
Mtp:           -3.411365E+25
