 PDE 2015 07 29 02 35 59.00   59.8900 -153.2000 119.3 6.4 6.3 SOUTHERN ALASKA
event name:   C201507290235A
time shift:           2.1835
half duration:        3.7000
latitude:            60.0200
longitude:         -153.1500
depth:              129.8000
Mrr:            1.792265E+25
Mtt:           -3.653844E+25
Mpp:            1.851676E+25
Mrt:            2.554720E+24
Mrp:            2.029913E+25
Mtp:            2.307169E+25
