 PDE 2011 02 21 23 51 43.00  -43.6000  172.7100   5.0 6.1 6.3 SOUTH ISLAND, NEW ZEALAND
event name:   C201102212351A
time shift:           3.7358
half duration:        2.8000
latitude:           -43.6000
longitude:          172.5200
depth:               12.0000
Mrr:            1.316885E+25
Mtt:            7.273069E+24
Mpp:           -2.053857E+25
Mrt:            3.805675E+24
Mrp:           -3.249926E+24
Mtp:           -1.449780E+25
