 PDE 2016 01 12 09 45 11.40  -31.3400   58.1900  10.0 5.9 5.9 SOUTHWEST INDIAN RIDGE
event name:   C201601120945A
time shift:           3.8520
half duration:        2.2000
latitude:           -31.3900
longitude:           58.1500
depth:               12.0000
Mrr:           -1.173554E+25
Mtt:            9.179996E+24
Mpp:            2.555550E+24
Mrt:            6.710106E+23
Mrp:            3.440714E+24
Mtp:            5.896326E+24
