 PDE 2011 06 28 06 48 32.70   52.0600 -171.7600  30.0 5.8 5.9 FOX ISLANDS, ALEUTIAN ISLANDS
event name:   C201106280648A
time shift:           2.2930
half duration:        2.0000
latitude:            51.8400
longitude:         -171.8200
depth:               36.2000
Mrr:            4.106937E+24
Mtt:           -4.128329E+24
Mpp:            2.139031E+22
Mrt:            6.032065E+24
Mrp:           -1.155077E+23
Mtp:           -3.946512E+23
