 PDE 2012 04 10 05 09 08.40   -1.2600  -13.9700  10.0 5.9 5.8 NORTH OF ASCENSION ISLAND
event name:   C201204100509A
time shift:           4.7301
half duration:        2.1000
latitude:            -0.8700
longitude:          -13.9200
depth:               20.5000
Mrr:           -6.229817E+23
Mtt:            4.250486E+24
Mpp:           -3.628772E+24
Mrt:            8.945053E+23
Mrp:            2.613732E+24
Mtp:           -9.021181E+24
