 PDE 2016 07 27 01 25 12.90  -44.4100  -79.0600  10.0 5.9 5.9 OFF COAST OF SOUTHERN CHILE
event name:   C201607270125A
time shift:           6.4396
half duration:        2.1000
latitude:           -44.6200
longitude:          -79.4800
depth:               20.3000
Mrr:           -6.909778E+23
Mtt:            4.669106E+24
Mpp:           -3.980633E+24
Mrt:            3.304676E+23
Mrp:           -4.093291E+23
Mtp:           -9.450872E+24
