 PDE 2011 05 21 00 16 25.60  -56.0700  -27.1100  48.0 5.9 5.9 SOUTH SANDWICH ISLANDS REGION
event name:   C201105210016A
time shift:           3.5234
half duration:        2.1000
latitude:           -56.0400
longitude:          -26.9200
depth:               46.3000
Mrr:            2.678335E+24
Mtt:            5.996093E+24
Mpp:           -8.674427E+24
Mrt:           -3.981308E+24
Mrp:            1.290910E+24
Mtp:           -5.248089E+24
