 PDE 2011 02 04 13 53 44.20   24.6400   94.6800  66.0 6.3 6.3 MYANMAR-INDIA BORDER REGION
event name:   C201102041353A
time shift:           3.4038
half duration:        3.3000
latitude:            24.4600
longitude:           94.6800
depth:              103.5000
Mrr:            2.022569E+25
Mtt:           -2.994743E+25
Mpp:            9.710570E+24
Mrt:            5.140232E+23
Mrp:           -1.530896E+25
Mtp:            1.642640E+25
