 PDE 2010 05 06 11 35 29.50  -55.7200 -127.9400  10.0 5.8 5.8 PACIFIC-ANTARCTIC RIDGE
event name:   C201005061135A
time shift:           3.8271
half duration:        2.0000
latitude:           -55.4900
longitude:         -128.1500
depth:               12.0000
Mrr:           -1.020409E+24
Mtt:            6.659246E+24
Mpp:           -5.633771E+24
Mrt:            7.975903E+22
Mrp:           -6.532645E+23
Mtp:            6.355402E+24
