 PDE 2010 02 05 06 59 05.60  -47.9000   99.6600   1.0 6.2 6.2 SOUTHEAST INDIAN RIDGE
event name:   C201002050659A
time shift:           4.1026
half duration:        3.2000
latitude:           -47.8900
longitude:           99.5100
depth:               12.0000
Mrr:           -3.474592E+23
Mtt:            3.201590E+25
Mpp:           -3.164362E+25
Mrt:            2.804492E+24
Mrp:            1.240925E+24
Mtp:            1.090774E+25
