 PDE 2011 07 26 17 44 20.40   25.1000 -109.5300  12.0 6.0 6.0 GULF OF CALIFORNIA
event name:   C201107261744A
time shift:           0.4178
half duration:        2.6000
latitude:            25.0600
longitude:         -109.6300
depth:               17.5000
Mrr:           -6.559557E+23
Mtt:           -1.331493E+25
Mpp:            1.400025E+25
Mrt:           -3.436425E+24
Mrp:            1.370654E+23
Mtp:           -1.223798E+24
