 PDE 2014 02 01 03 58 44.00  -56.8300  -27.3400 130.0 6.2 6.1 SOUTH SANDWICH ISLANDS REGION
event name:   C201402010358A
time shift:           3.7275
half duration:        2.9000
latitude:           -56.9700
longitude:          -26.7200
depth:              131.9000
Mrr:           -4.858564E+24
Mtt:            1.165619E+25
Mpp:           -6.841206E+24
Mrt:           -1.470640E+25
Mrp:           -1.074113E+25
Mtp:           -1.041432E+25
