 PDE 2011 03 22 13 31 28.50  -33.1000  -15.9800  10.0 5.9 5.9 SOUTHERN MID-ATLANTIC RIDGE
event name:   C201103221331A
time shift:           2.8131
half duration:        2.2000
latitude:           -33.1100
longitude:          -15.7400
depth:               12.0000
Mrr:            1.059819E+25
Mtt:           -8.073716E+24
Mpp:           -2.524458E+24
Mrt:           -2.478973E+24
Mrp:           -1.057543E+24
Mtp:           -3.297715E+24
