 PDE 2012 06 10 12 44 16.60   36.4200   28.8800  35.0 6.1 6.0 DODECANESE ISLANDS, GREECE
event name:   C201206101244A
time shift:           1.9744
half duration:        2.9000
latitude:            36.2800
longitude:           29.0600
depth:               28.4000
Mrr:            1.962508E+24
Mtt:           -1.346184E+25
Mpp:            1.151554E+25
Mrt:            7.144504E+24
Mrp:            9.488159E+23
Mtp:           -8.515016E+24
