 PDE 2012 05 29 07 00 03.80   44.8200   11.0700   9.0 5.9 5.8 NORTHERN ITALY
event name:   C201205290700A
time shift:           3.2801
half duration:        2.1000
latitude:            44.9200
longitude:           11.1500
depth:               12.0000
Mrr:            7.158582E+24
Mtt:           -7.136142E+24
Mpp:           -2.244070E+22
Mrt:           -4.521801E+24
Mrp:            2.490918E+24
Mtp:            1.514747E+24
