 PDE 2010 01 27 17 42 45.20  -14.1000  -14.5500  10.0 5.8 5.8 SOUTHERN MID-ATLANTIC RIDGE
event name:   C201001271742A
time shift:           2.2536
half duration:        1.9000
latitude:           -14.0400
longitude:          -14.4300
depth:               12.0000
Mrr:           -7.676607E+24
Mtt:            6.452987E+23
Mpp:            7.032596E+24
Mrt:           -9.144951E+22
Mrp:            4.739919E+23
Mtp:           -3.168532E+24
