 PDE 2015 07 20 11 08 19.40  -35.5300 -105.0800  14.0 5.8 5.7 SOUTHERN EAST PACIFIC RISE
event name:   C201507201108A
time shift:           3.3877
half duration:        1.9000
latitude:           -35.4500
longitude:         -104.8300
depth:               17.7000
Mrr:           -1.102086E+24
Mtt:           -1.626028E+24
Mpp:            2.734135E+24
Mrt:            6.901585E+23
Mrp:           -1.698296E+24
Mtp:           -6.997941E+24
