 PDE 2010 10 30 15 18 33.10  -56.5900 -142.2900  10.0 6.3 6.4 PACIFIC-ANTARCTIC RIDGE
event name:   C201010301518A
time shift:           6.7718
half duration:        3.4000
latitude:           -56.6400
longitude:         -142.6300
depth:               19.9000
Mrr:           -1.009736E+24
Mtt:            3.595644E+25
Mpp:           -3.497134E+25
Mrt:            1.379151E+24
Mrp:            2.364260E+24
Mtp:            2.253435E+25
