 PDE 2011 11 30 00 27 07.00   15.4500  119.0000   9.0 6.0 6.1 LUZON, PHILIPPINES
event name:   C201111300027A
time shift:           3.5980
half duration:        2.6000
latitude:            15.5400
longitude:          118.9700
depth:               12.3000
Mrr:           -1.324324E+25
Mtt:            2.055854E+24
Mpp:            1.114954E+25
Mrt:            6.407202E+24
Mrp:            8.374768E+24
Mtp:            8.488281E+24
