 PDE 2015 08 13 10 39 53.80  -37.0100   78.0600  10.0 6.0 6.0 MID-INDIAN RIDGE
event name:   C201508131039A
time shift:           4.9581
half duration:        2.3000
latitude:           -36.7900
longitude:           78.4900
depth:               12.0000
Mrr:            1.008082E+23
Mtt:           -1.360911E+25
Mpp:            1.348310E+25
Mrt:            5.670461E+23
Mrp:            2.154776E+24
Mtp:            1.323108E+24
