 PDE 2011 07 27 23 00 30.30   10.8000  -43.3900  10.0 5.9 6.0 NORTHERN MID-ATLANTIC RIDGE
event name:   C201107272300A
time shift:           3.5247
half duration:        2.3000
latitude:            10.9000
longitude:          -43.3400
depth:               15.1000
Mrr:           -1.322644E+24
Mtt:           -1.513541E+24
Mpp:            2.836185E+24
Mrt:            2.045326E+23
Mrp:            4.976959E+24
Mtp:           -1.238104E+25
