 PDE 2010 12 20 18 41 59.00   28.4000   59.1700  12.0 6.5 6.7 SOUTHERN IRAN
event name:   C201012201841A
time shift:           5.6255
half duration:        4.6000
latitude:            28.1000
longitude:           59.1100
depth:               14.8000
Mrr:           -1.112222E+23
Mtt:            8.686453E+25
Mpp:           -8.675330E+25
Mrt:            4.115221E+24
Mrp:           -2.113221E+24
Mtp:            2.958510E+25
