 PDE 2012 10 28 18 54 20.80   52.6700 -132.6000   9.0 6.4 6.3 QUEEN CHARLOTTE ISLANDS REGION
event name:   C201210281854A
time shift:           6.8036
half duration:        3.7000
latitude:            52.5600
longitude:         -132.7800
depth:               12.0000
Mrr:           -4.451216E+25
Mtt:            1.631769E+25
Mpp:            2.829776E+25
Mrt:            4.285973E+24
Mrp:           -9.460125E+24
Mtp:           -2.385688E+25
