 PDE 2011 07 16 19 59 12.90   54.7900 -161.2900  36.0 6.2 6.2 ALASKA PENINSULA
event name:   C201107161959A
time shift:           2.6946
half duration:        3.0000
latitude:            54.5000
longitude:         -161.0700
depth:               46.3000
Mrr:            1.773722E+25
Mtt:           -1.536539E+25
Mpp:           -2.351212E+24
Mrt:            1.144670E+25
Mrp:            8.074562E+24
Mtp:           -8.930487E+24
