 PDE 2015 05 29 07 00 09.20   56.6600 -156.5100  70.0 6.8 6.8 ALASKA PENINSULA
event name:   C201505290700A
time shift:           4.4913
half duration:        6.1000
latitude:            56.7100
longitude:         -156.5200
depth:               81.1000
Mrr:            4.077580E+25
Mtt:           -2.151757E+25
Mpp:           -1.936582E+25
Mrt:            6.734999E+25
Mrp:            1.045754E+26
Mtp:            1.699888E+26
