 PDE 2015 11 13 20 51 31.00   31.0000  128.8700  12.0 6.8 6.7 NORTHWEST OF RYUKYU ISLANDS
event name:   C201511132051B
time shift:          11.3971
half duration:        5.8000
latitude:            31.1300
longitude:          128.6700
depth:               12.0000
Mrr:           -3.848099E+25
Mtt:            8.463717E+25
Mpp:           -4.615616E+25
Mrt:            8.306007E+24
Mrp:            4.005809E+25
Mtp:            1.608632E+26
