 PDE 2011 06 13 02 20 49.30  -43.5600  172.7400   6.1 6.0 6.0 SOUTH ISLAND, NEW ZEALAND
event name:   C201106130220A
time shift:           4.8826
half duration:        2.3000
latitude:           -43.5200
longitude:          172.6200
depth:               12.0000
Mrr:            3.477517E+24
Mtt:            6.471718E+24
Mpp:           -9.949237E+24
Mrt:            2.947048E+24
Mrp:           -2.192603E+24
Mtp:           -8.876509E+24
