 PDE 2013 01 31 09 53 40.40   55.4400 -135.0200  13.4 5.9 5.9 OFF COAST OF SOUTHEASTERN ALASKA
event name:   C201301310953A
time shift:           5.3289
half duration:        2.2000
latitude:            55.4100
longitude:         -135.1400
depth:               12.0000
Mrr:           -8.069305E+23
Mtt:            3.769675E+24
Mpp:           -2.969745E+24
Mrt:           -2.429790E+24
Mrp:           -4.339627E+24
Mtp:            7.059390E+24
