 PDE 2011 09 09 19 41 34.20   49.5300 -126.8900  22.0 6.5 6.5 VANCOUVER ISLAND, CANADA REGION
event name:   C201109091941A
time shift:           0.4562
half duration:        4.1000
latitude:            49.2700
longitude:         -127.1700
depth:               25.1000
Mrr:           -6.048471E+24
Mtt:           -1.583421E+25
Mpp:            2.183351E+25
Mrt:            1.947313E+24
Mrp:           -2.734106E+25
Mtp:            5.055145E+25
