 PDE 2011 06 27 23 27 33.50   52.0000 -171.7600  29.0 5.8 5.8 FOX ISLANDS, ALEUTIAN ISLANDS
event name:   C201106272327A
time shift:           2.9604
half duration:        2.0000
latitude:            51.9200
longitude:         -171.7500
depth:               28.8000
Mrr:            1.320317E+24
Mtt:            3.467092E+23
Mpp:           -1.673074E+24
Mrt:            5.765049E+24
Mrp:            2.963154E+24
Mtp:           -1.058270E+24
