 PDE 2012 04 16 11 23 40.80   36.5600   21.3700   0.0 5.8 5.8 SOUTHERN GREECE
event name:   C201204161123A
time shift:           5.2043
half duration:        2.0000
latitude:            36.4000
longitude:           21.4100
depth:               25.2000
Mrr:            1.245629E+24
Mtt:           -4.545023E+23
Mpp:           -7.899104E+23
Mrt:            3.238634E+24
Mrp:           -2.217825E+24
Mtp:            9.175113E+23
