 PDE 2011 03 06 14 32 36.10  -56.4200  -27.0600  87.7 6.5 6.5 SOUTH SANDWICH ISLANDS REGION
event name:   C201103061432A
time shift:           6.0287
half duration:        4.5000
latitude:           -56.4100
longitude:          -26.6800
depth:              101.2000
Mrr:            3.391572E+25
Mtt:            1.861807E+25
Mpp:           -5.265239E+25
Mrt:           -5.881886E+25
Mrp:            5.727727E+25
Mtp:            1.553482E+25
