 PDE 2015 07 03 01 07 47.30   37.4600   78.1500  20.0 6.4 6.4 SOUTHERN XINJIANG, CHINA
event name:   C201507030107A
time shift:           2.2926
half duration:        4.0000
latitude:            37.5800
longitude:           78.1400
depth:               15.6000
Mrr:            2.959206E+25
Mtt:           -2.661632E+25
Mpp:           -3.017068E+24
Mrt:           -2.893079E+25
Mrp:            1.355614E+25
Mtp:            1.132434E+25
