 PDE 2010 04 30 23 11 43.30   60.4700 -177.8800  13.5 6.5 6.7 BERING SEA
event name:   C201004302311A
time shift:           4.1251
half duration:        4.3000
latitude:            60.4500
longitude:         -177.7100
depth:               15.0000
Mrr:            1.242358E+24
Mtt:            5.825905E+25
Mpp:           -5.948259E+25
Mrt:            3.218836E+24
Mrp:           -1.374124E+25
Mtp:           -1.760007E+25
