 PDE 2016 08 31 22 04 35.20  -37.1300  178.9300  15.4 5.8 5.8 OFF E. COAST OF N. ISLAND, N.Z.
event name:   C201608312204A
time shift:           4.8859
half duration:        2.0000
latitude:           -37.0900
longitude:          179.0500
depth:               27.2000
Mrr:            5.022804E+21
Mtt:           -1.326020E+24
Mpp:            1.326020E+24
Mrt:            4.811847E+24
Mrp:            4.118699E+24
Mtp:            2.581721E+23
