 PDE 2015 06 17 12 51 32.80  -35.3600  -17.1600  10.0 6.9 7.0 SOUTHERN MID-ATLANTIC RIDGE
event name:   C201506171251A
time shift:          14.9621
half duration:        7.0000
latitude:           -35.3800
longitude:          -16.4000
depth:               21.8000
Mrr:            8.837678E+24
Mtt:           -1.523336E+26
Mpp:            1.430309E+26
Mrt:           -5.930547E+24
Mrp:            4.279298E+25
Mtp:            3.069931E+26
