 PDE 2012 05 24 22 47 46.80   72.9600    5.7100  10.0 6.3 6.2 NORWEGIAN SEA
event name:   C201205242247A
time shift:           5.3754
half duration:        3.3000
latitude:            73.0100
longitude:            5.5900
depth:               12.0000
Mrr:           -3.477907E+25
Mtt:            1.504284E+25
Mpp:            1.961588E+25
Mrt:           -3.080776E+24
Mrp:           -7.268706E+24
Mtp:            2.033793E+25
