 PDE 2015 07 16 15 16 33.80   13.8700  -58.5400  20.0 6.5 6.5 NORTH ATLANTIC OCEAN
event name:   C201507161516A
time shift:           4.3145
half duration:        4.1000
latitude:            13.9200
longitude:          -58.3800
depth:               19.4000
Mrr:           -8.713040E+24
Mtt:           -6.254924E+25
Mpp:            7.131998E+25
Mrt:            2.931275E+24
Mrp:            3.358272E+24
Mtp:            1.569502E+25
