 PDE 2015 11 02 08 15 33.50   51.5900 -173.3400  13.0 5.9 5.7 ANDREANOF ISLANDS, ALEUTIAN IS.
event name:   C201511020815A
time shift:           4.3236
half duration:        2.1000
latitude:            51.5500
longitude:         -173.3300
depth:               17.0000
Mrr:            6.219182E+24
Mtt:           -6.003946E+24
Mpp:           -2.141030E+23
Mrt:            5.165659E+24
Mrp:            2.492204E+24
Mtp:           -2.208999E+24
