 PDE 2014 10 15 13 35 52.80   32.5300   47.8100  10.0 5.8 5.7 IRAN-IRAQ BORDER REGION
event name:   C201410151335A
time shift:           6.0446
half duration:        1.9000
latitude:            32.4500
longitude:           47.8700
depth:               12.0000
Mrr:            5.377090E+24
Mtt:           -5.784304E+24
Mpp:            4.035130E+23
Mrt:           -1.628860E+24
Mrp:            1.527057E+23
Mtp:            6.478421E+22
