 PDE 2012 11 11 10 54 41.30   22.7200   95.8300   6.0 5.9 5.8 MYANMAR
event name:   C201211111054A
time shift:           1.5410
half duration:        2.1000
latitude:            22.6000
longitude:           96.0500
depth:               12.0000
Mrr:            2.818772E+23
Mtt:           -3.074132E+23
Mpp:            2.553593E+22
Mrt:            2.023230E+24
Mrp:            2.337519E+24
Mtp:            7.592025E+24
