 PDE 2012 12 04 01 42 48.50   61.2400 -150.7600  62.2 5.8 5.8 SOUTHERN ALASKA
event name:   C201212040142A
time shift:           1.4207
half duration:        1.9000
latitude:            61.3800
longitude:         -151.0500
depth:               76.3000
Mrr:            1.294546E+24
Mtt:           -3.929542E+24
Mpp:            2.634998E+24
Mrt:            1.579163E+23
Mrp:            3.176687E+24
Mtp:            2.405468E+24
