 PDE 2012 08 30 13 43 25.20   71.4400  -10.6200  14.0 6.7 6.8 JAN MAYEN ISLAND REGION
event name:   C201208301343A
time shift:          10.0356
half duration:        5.7000
latitude:            71.4400
longitude:           -9.8400
depth:               23.6000
Mrr:           -1.230347E+24
Mtt:            1.230347E+26
Mpp:           -1.219162E+26
Mrt:           -5.592492E+24
Mrp:            2.572546E+25
Mtp:            1.331011E+26
