 PDE 2012 02 15 03 31 20.60   43.6200 -127.5200  11.0 5.9 5.8 OFF COAST OF OREGON
event name:   C201202150331A
time shift:           0.8941
half duration:        2.2000
latitude:            43.4000
longitude:         -127.6800
depth:               17.9000
Mrr:           -7.916123E+23
Mtt:           -6.994545E+24
Mpp:            7.786155E+24
Mrt:           -1.193325E+24
Mrp:           -8.506877E+23
Mtp:           -6.876393E+24
