 PDE 2013 01 28 16 38 53.60   42.6000   79.7100  15.0 6.2 6.2 LAKE ISSYK-KUL REGION
event name:   C201301281638A
time shift:           2.6294
half duration:        3.0000
latitude:            42.5700
longitude:           79.7600
depth:               24.4000
Mrr:            2.847481E+24
Mtt:           -2.030065E+25
Mpp:            1.751605E+25
Mrt:           -2.649863E+24
Mrp:           -1.805500E+24
Mtp:            9.341892E+24
