 PDE 2012 03 08 22 50 08.40   39.3800   81.3100  38.0 5.8 5.9 SOUTHERN XINJIANG, CHINA
event name:   C201203082250A
time shift:           3.4817
half duration:        2.1000
latitude:            39.4900
longitude:           81.4700
depth:               44.4000
Mrr:            5.542987E+24
Mtt:           -6.325416E+24
Mpp:            7.852565E+23
Mrt:           -1.838235E+24
Mrp:           -2.177602E+24
Mtp:            2.573530E+24
