 PDE 2015 11 09 16 03 46.10   51.6400 -173.0700  15.0 6.5 6.5 ANDREANOF ISLANDS, ALEUTIAN IS.
event name:   C201511091603A
time shift:           5.7774
half duration:        4.1000
latitude:            51.5500
longitude:         -173.0200
depth:               16.4000
Mrr:            4.514607E+25
Mtt:           -4.347400E+25
Mpp:           -1.743737E+24
Mrt:            4.860967E+25
Mrp:            2.137871E+25
Mtp:           -1.480983E+25
