 PDE 2016 09 08 21 46 20.10  -54.6100  158.7100  10.0 6.0 6.1 MACQUARIE ISLAND REGION
event name:   C201609082146A
time shift:           7.0086
half duration:        2.6000
latitude:           -54.5100
longitude:          158.4700
depth:               13.7000
Mrr:            1.382910E+25
Mtt:            5.138463E+24
Mpp:           -1.898112E+25
Mrt:            1.260889E+24
Mrp:            8.270348E+23
Mtp:            1.464258E+25
