 PDE 2012 04 17 19 03 56.40  -59.0100  -16.6200  12.0 6.2 6.2 EAST OF SOUTH SANDWICH ISLANDS
event name:   C201204171903A
time shift:           4.2814
half duration:        3.0000
latitude:           -59.2600
longitude:          -16.3400
depth:               13.1000
Mrr:           -1.354258E+25
Mtt:           -7.129771E+24
Mpp:            2.071219E+25
Mrt:            7.036831E+23
Mrp:            4.182267E+24
Mtp:            2.602299E+25
