 PDE 2013 10 01 03 38 21.70   53.2000  152.7900 573.0 0.0 6.7 SEA OF OKHOTSK
event name:   C201310010338A
time shift:           3.7164
half duration:        5.6000
latitude:            53.1978
longitude:          152.8032
depth:              582.9970
Mrr:           -1.148898E+26
Mtt:            1.350049E+26
Mpp:           -2.011510E+25
Mrt:           -4.576002E+25
Mrp:           -8.901105E+25
Mtp:            4.776666E+24
