 PDE 2010 06 15 04 26 58.50   32.7000 -115.9200   5.4 5.8 5.8 CALIF.-BAJA CALIF. BORDER REGION
event name:   C201006150426A
time shift:           0.8920
half duration:        1.9000
latitude:            32.6600
longitude:         -115.9800
depth:               13.4000
Mrr:           -1.718397E+24
Mtt:           -5.077523E+24
Mpp:            6.795920E+24
Mrt:           -5.689156E+23
Mrp:           -1.747522E+22
Mtp:           -1.262099E+24
