 PDE 2014 05 21 16 21 54.40   18.2000   88.0300  47.5 6.1 6.0 BAY OF BENGAL
event name:   C201405211621A
time shift:           3.6726
half duration:        2.7000
latitude:            18.1000
longitude:           88.0900
depth:               57.6000
Mrr:            2.239730E+22
Mtt:           -1.791783E+25
Mpp:            1.791783E+25
Mrt:            1.399830E+24
Mrp:            2.049353E+24
Mtp:            4.658638E+24
