 PDE 2016 01 31 17 39 00.00  -63.2600  169.1500  10.0 6.0 6.1 BALLENY ISLANDS REGION
event name:   C201601311739A
time shift:           4.4390
half duration:        2.4000
latitude:           -63.1400
longitude:          169.7000
depth:               12.0000
Mrr:           -2.009478E+24
Mtt:            1.617694E+25
Mpp:           -1.415481E+25
Mrt:           -4.511847E+24
Mrp:           -1.289100E+24
Mtp:           -1.440758E+24
