 PDE 2011 12 23 19 12 34.00  -52.1200   27.9600  10.0 5.9 5.9 SOUTH OF AFRICA
event name:   C201112231912A
time shift:           5.1908
half duration:        2.3000
latitude:           -52.1900
longitude:           28.3500
depth:               23.6000
Mrr:           -5.586002E+23
Mtt:            8.416244E+24
Mpp:           -7.870057E+24
Mrt:            8.689337E+23
Mrp:            1.055134E+24
Mtp:            9.185870E+24
