 PDE 2011 11 29 00 30 29.10   -1.6000  -15.4500  10.0 5.9 6.0 NORTH OF ASCENSION ISLAND
event name:   C201111290030A
time shift:           6.3877
half duration:        2.2000
latitude:            -1.2800
longitude:          -15.6000
depth:               12.0000
Mrr:            1.093714E+24
Mtt:            3.576076E+24
Mpp:           -4.669789E+24
Mrt:            2.199716E+24
Mrp:            2.715851E+24
Mtp:           -1.087569E+25
