 PDE 2011 05 09 18 54 43.70  -56.6500  147.4100   9.0 5.9 6.1 WEST OF MACQUARIE ISLAND
event name:   C201105091854A
time shift:           3.5940
half duration:        2.2000
latitude:           -56.7400
longitude:          147.3200
depth:               12.0000
Mrr:           -6.983762E+23
Mtt:            5.651674E+24
Mpp:           -4.953298E+24
Mrt:            2.069264E+23
Mrp:           -1.163960E+24
Mtp:           -1.130336E+25
