 PDE 2011 07 15 13 26 03.00  -60.7600  -23.5200  10.0 6.0 6.2 SOUTH SANDWICH ISLANDS REGION
event name:   C201107151326A
time shift:           5.7719
half duration:        2.6000
latitude:           -61.1200
longitude:          -22.8500
depth:               12.0000
Mrr:           -6.296077E+24
Mtt:            3.283786E+24
Mpp:            3.012292E+24
Mrt:            4.085340E+24
Mrp:            8.532671E+23
Mtp:            1.874601E+25
