 PDE 2012 05 10 02 13 56.20  -28.7300 -112.5900  10.0 5.9 5.9 EASTER ISLAND REGION
event name:   C201205100213A
time shift:           2.3756
half duration:        2.3000
latitude:           -28.7800
longitude:         -112.6700
depth:               15.0000
Mrr:           -5.264586E+23
Mtt:           -1.153196E+25
Mpp:            1.205841E+25
Mrt:           -1.529238E+24
Mrp:            6.267364E+22
Mtp:           -3.484654E+24
