 PDE 2013 08 11 21 23 43.80   30.0800   97.9300  19.7 5.8 5.7 XIZANG
event name:   C201308112123B
time shift:          -1.1580
half duration:        1.9000
latitude:            30.0200
longitude:           97.9500
depth:               12.6000
Mrr:           -3.583918E+24
Mtt:            3.602781E+24
Mpp:           -1.980586E+22
Mrt:           -9.714301E+23
Mrp:            2.178644E+24
Mtp:            3.857427E+24
