 PDE 2010 07 18 05 56 47.30   52.8800 -169.7100  25.0 6.7 6.7 FOX ISLANDS, ALEUTIAN ISLANDS
event name:   C201007180556A
time shift:           1.7961
half duration:        5.3000
latitude:            52.6600
longitude:         -169.6400
depth:               12.0000
Mrr:           -6.348381E+25
Mtt:            1.215648E+25
Mpp:            5.132734E+25
Mrt:            3.154894E+25
Mrp:            1.543680E+25
Mtp:           -1.041984E+26
