 PDE 2010 05 05 09 38 23.00  -35.9500 -103.0600  10.0 5.9 5.9 SOUTHEAST OF EASTER ISLAND
event name:   C201005050938A
time shift:           6.4119
half duration:        2.2000
latitude:           -35.9400
longitude:         -103.3500
depth:               20.5000
Mrr:           -1.892228E+23
Mtt:           -2.304067E+24
Mpp:            2.482158E+24
Mrt:           -4.674917E+23
Mrp:           -1.190991E+24
Mtp:           -1.052970E+25
