 PDE 2016 10 30 06 40 18.70   42.8600   13.1000   8.0 6.6 6.6 CENTRAL ITALY
event name:   C201610300640A
time shift:           5.8462
half duration:        4.8000
latitude:            42.7500
longitude:           13.1600
depth:               12.0000
Mrr:           -1.046220E+26
Mtt:            2.057238E+25
Mpp:            8.404970E+25
Mrt:            3.630419E+24
Mrp:           -3.047351E+25
Mtp:           -3.168365E+25
