 PDE 2011 10 31 07 16 21.60   52.3700  177.9300 159.0 5.9 5.9 RAT ISLANDS, ALEUTIAN ISLANDS
event name:   C201110310716A
time shift:           1.6218
half duration:        2.2000
latitude:            52.3200
longitude:          177.9000
depth:              152.3000
Mrr:           -2.742966E+24
Mtt:           -3.836445E+24
Mpp:            6.579409E+24
Mrt:            4.049580E+24
Mrp:           -3.993979E+24
Mtp:            6.950080E+23
