 PDE 2014 06 14 03 58 41.70   36.4500   70.7200 200.0 5.6 5.6 HINDU KUSH REGION, AFGHANISTAN
event name:   C201406140358A
time shift:           1.6796
half duration:        1.6000
latitude:            36.4800
longitude:           70.6200
depth:              206.5000
Mrr:            2.109977E+24
Mtt:           -1.656332E+24
Mpp:           -4.525901E+23
Mrt:            2.162725E+24
Mrp:           -1.645783E+24
Mtp:            7.332170E+23
