 PDE 2012 10 18 01 27 16.00  -54.2200  144.0100   7.5 5.9 5.9 WEST OF MACQUARIE ISLAND
event name:   C201210180127A
time shift:           2.6007
half duration:        2.3000
latitude:           -54.2800
longitude:          143.8700
depth:               15.0000
Mrr:           -1.438565E+24
Mtt:            3.725514E+24
Mpp:           -2.274654E+24
Mrt:           -8.975660E+23
Mrp:           -1.303316E+24
Mtp:           -1.181591E+25
