 PDE 2010 12 05 21 44 35.90  -36.3000 -101.0200  12.5 5.9 5.9 SOUTHEAST OF EASTER ISLAND
event name:   C201012052144A
time shift:           0.4975
half duration:        2.2000
latitude:           -36.2200
longitude:         -101.0800
depth:               18.6000
Mrr:           -1.171794E+24
Mtt:           -1.071253E+24
Mpp:            2.238260E+24
Mrt:            1.032951E+24
Mrp:           -5.158769E+23
Mtp:           -1.153840E+25
