 PDE 2016 10 26 19 18 08.40   42.9600   13.0700  10.0 6.1 6.1 CENTRAL ITALY
event name:   C201610261918A
time shift:           3.5050
half duration:        2.7000
latitude:            42.8800
longitude:           13.1100
depth:               12.0000
Mrr:           -1.631555E+25
Mtt:            2.586069E+24
Mpp:            1.365178E+25
Mrt:            2.175406E+24
Mrp:           -6.026763E+24
Mtp:           -6.959080E+24
