 PDE 2010 12 07 04 27 22.00  -57.9300   -7.4700  10.0 5.9 5.9 EAST OF SOUTH SANDWICH ISLANDS
event name:   C201012070427A
time shift:           3.0745
half duration:        2.2000
latitude:           -58.1000
longitude:           -7.2900
depth:               12.0000
Mrr:            9.282231E+22
Mtt:           -2.376814E+24
Mpp:            2.292430E+24
Mrt:            2.348685E+24
Mrp:           -1.940831E+24
Mtp:            1.282636E+25
