 PDE 2011 05 05 16 57 36.60   55.0200 -160.6900  36.0 5.8 5.8 ALASKA PENINSULA
event name:   C201105051657A
time shift:           1.4266
half duration:        2.0000
latitude:            54.7900
longitude:         -160.3400
depth:               56.1000
Mrr:            5.918763E+24
Mtt:           -5.692306E+24
Mpp:           -2.285157E+23
Mrt:            3.365975E+24
Mrp:            2.161635E+24
Mtp:           -2.882181E+24
