 PDE 2014 08 03 08 30 13.60   27.1900  103.4100  12.0 6.2 6.2 YUNNAN, CHINA
event name:   C201408030830A
time shift:           1.7747
half duration:        2.9000
latitude:            27.0600
longitude:          103.5000
depth:               14.6000
Mrr:           -2.126878E+23
Mtt:            1.393104E+25
Mpp:           -1.371837E+25
Mrt:           -5.848913E+23
Mrp:           -3.775208E+24
Mtp:           -1.744040E+25
