 PDE 2016 01 02 04 22 19.60   44.8100  129.9400 585.5 5.8 5.8 NORTHEASTERN CHINA
event name:   C201601020422A
time shift:           1.7774
half duration:        2.0000
latitude:            44.8300
longitude:          129.7500
depth:              587.4000
Mrr:            2.244414E+24
Mtt:            7.389017E+23
Mpp:           -2.983316E+24
Mrt:           -3.232694E+24
Mrp:           -3.380475E+24
Mtp:           -3.740690E+24
