 PDE 2010 10 20 06 58 14.10   24.4700 -109.0200  10.0 5.8 5.8 GULF OF CALIFORNIA
event name:   C201010200658A
time shift:           0.8914
half duration:        1.9000
latitude:            24.7200
longitude:         -109.1800
depth:               15.5000
Mrr:           -6.483313E+23
Mtt:           -5.039512E+24
Mpp:            5.683244E+24
Mrt:            1.195504E+24
Mrp:            2.069144E+23
Mtp:           -1.112738E+24
