 PDE 2014 05 30 01 20 15.20   25.0000   97.8500  10.0 5.9 5.9 MYANMAR-CHINA BORDER REGION
event name:   C201405300120A
time shift:           2.2147
half duration:        2.2000
latitude:            24.9300
longitude:           97.9000
depth:               14.7000
Mrr:           -7.416345E+23
Mtt:           -2.172876E+24
Mpp:            2.917572E+24
Mrt:            7.977416E+23
Mrp:            2.009656E+24
Mtp:            8.569092E+24
