 PDE 2011 03 24 13 55 11.90   20.6900   99.8400   8.0 6.8 7.1 MYANMAR
event name:   C201103241355A
time shift:           6.2715
half duration:        6.4000
latitude:            20.6200
longitude:          100.0200
depth:               13.2000
Mrr:            1.156320E+25
Mtt:           -1.548640E+26
Mpp:            1.435075E+26
Mrt:            3.479280E+25
Mrp:            3.293444E+25
Mtp:            1.724154E+26
