 PDE 2013 12 28 15 21 04.00   36.0400   31.3100  39.3 5.9 5.9 TURKEY
event name:   C201312281521A
time shift:           2.9146
half duration:        2.2000
latitude:            35.8200
longitude:           30.9700
depth:               52.6000
Mrr:            8.492340E+24
Mtt:           -3.283705E+24
Mpp:           -5.208636E+24
Mrt:            4.087647E+24
Mrp:           -4.098970E+24
Mtp:            6.182424E+24
