 PDE 2016 04 13 13 55 17.80   23.1000   94.8600 136.0 6.9 6.9 MYANMAR-INDIA BORDER REGION
event name:   C201604131355A
time shift:           3.7166
half duration:        7.2000
latitude:            23.0200
longitude:           94.7800
depth:              149.8000
Mrr:            2.977391E+26
Mtt:           -3.289537E+26
Mpp:            3.085442E+25
Mrt:           -1.560729E+26
Mrp:           -6.831191E+25
Mtp:            1.320618E+26
