 PDE 2012 02 09 18 52 48.40  -58.3100  157.8400  10.0 5.9 5.9 MACQUARIE ISLAND REGION
event name:   C201202091852A
time shift:           3.8366
half duration:        2.1000
latitude:           -58.2800
longitude:          157.9700
depth:               20.6000
Mrr:           -6.919089E+23
Mtt:           -5.570558E+24
Mpp:            6.263729E+24
Mrt:            3.327212E+24
Mrp:            1.562782E+23
Mtp:            7.738290E+24
