 PDE 2011 11 21 03 15 42.30   24.9500   95.2400 113.7 5.8 5.8 MYANMAR
event name:   C201111210315A
time shift:           0.2067
half duration:        1.9000
latitude:            24.8200
longitude:           95.1900
depth:              129.2000
Mrr:            5.283465E+24
Mtt:           -4.182278E+24
Mpp:           -1.103409E+24
Mrt:           -1.004414E+24
Mrp:           -1.446001E+24
Mtp:            3.626125E+24
