 PDE 2011 07 25 17 15 40.80   14.9500  120.0400  35.0 5.9 5.9 LUZON, PHILIPPINES
event name:   C201107251715A
time shift:           4.5984
half duration:        2.3000
latitude:            15.1100
longitude:          119.8200
depth:               45.5000
Mrr:            9.788942E+24
Mtt:            1.195935E+24
Mpp:           -1.099595E+25
Mrt:           -3.045202E+24
Mrp:           -1.960003E+24
Mtp:           -8.526568E+23
