 PDE 2010 10 08 03 26 13.70   51.3700 -175.3600  19.0 6.4 6.4 ANDREANOF ISLANDS, ALEUTIAN IS.
event name:   C201010080326A
time shift:           3.7637
half duration:        3.8000
latitude:            51.2600
longitude:         -175.4000
depth:               18.1000
Mrr:            4.090968E+25
Mtt:           -3.685449E+25
Mpp:           -4.019405E+24
Mrt:            3.363419E+25
Mrp:            2.051448E+25
Mtp:           -1.252337E+25
