 PDE 2012 07 26 05 33 33.00  -17.5900   66.3900  20.0 6.6 6.7 MAURITIUS - REUNION REGION
event name:   C201207260533A
time shift:          15.3353
half duration:        5.0000
latitude:           -17.4700
longitude:           65.8800
depth:               24.8000
Mrr:           -1.056057E+25
Mtt:           -1.015611E+26
Mpp:            1.121217E+26
Mrt:           -1.651492E+25
Mrp:            1.797542E+24
Mtp:            4.999413E+25
