 PDE 2010 04 13 23 49 38.30   33.1700   96.5500  17.0 6.9 7.0 QINGHAI, CHINA
event name:   C201004132349A
time shift:           5.1052
half duration:        6.6000
latitude:            33.0500
longitude:           96.7900
depth:               15.7000
Mrr:           -3.288772E+25
Mtt:            1.928494E+26
Mpp:           -1.601338E+26
Mrt:           -9.039818E+25
Mrp:            1.627168E+25
Mtp:            9.470287E+25
