 PDE 2012 06 29 21 07 33.90   43.4300   84.7000  18.0 6.3 6.4 NORTHERN XINJIANG, CHINA
event name:   C201206292107A
time shift:           2.0344
half duration:        3.6000
latitude:            43.4200
longitude:           84.7200
depth:               27.6000
Mrr:            9.479119E+24
Mtt:           -2.900938E+25
Mpp:            1.953025E+25
Mrt:            2.533214E+24
Mrp:            1.593473E+25
Mtp:           -1.013285E+25
