 PDE 2012 08 10 18 37 43.10   52.6300 -167.4200  13.0 6.2 6.2 FOX ISLANDS, ALEUTIAN ISLANDS
event name:   C201208101837A
time shift:           6.1081
half duration:        3.0000
latitude:            52.3900
longitude:         -167.3200
depth:               13.3000
Mrr:            2.380671E+25
Mtt:           -1.374989E+25
Mpp:           -1.011786E+25
Mrt:            2.151760E+25
Mrp:            1.556593E+25
Mtp:           -1.318526E+25
