 PDE 2015 06 01 06 52 41.30   44.4600 -129.8100  10.0 5.8 5.8 OFF COAST OF OREGON
event name:   C201506010652A
time shift:           0.2021
half duration:        1.9000
latitude:            44.3500
longitude:         -130.1300
depth:               15.0000
Mrr:           -8.034906E+23
Mtt:           -5.159124E+24
Mpp:            5.961380E+24
Mrt:            1.226835E+24
Mrp:           -9.627076E+22
Mtp:           -5.405973E+24
