 PDE 2016 01 03 23 05 22.30   24.8100   93.6500  55.0 6.7 6.7 MYANMAR-INDIA BORDER REGION
event name:   C201601032305A
time shift:           5.2850
half duration:        5.6000
latitude:            24.7100
longitude:           93.4700
depth:               52.4000
Mrr:            4.105010E+25
Mtt:           -8.519644E+25
Mpp:            4.424622E+25
Mrt:            8.489681E+25
Mrp:            3.775411E+25
Mtp:            9.238769E+25
