 PDE 2011 07 19 19 35 43.50   40.0800   71.4100  20.0 6.2 6.1 TAJIKISTAN
event name:   C201107191935A
time shift:           3.8852
half duration:        2.9000
latitude:            40.2800
longitude:           71.3600
depth:               28.8000
Mrr:            9.230622E+24
Mtt:           -1.165974E+25
Mpp:            2.429111E+24
Mrt:           -1.020226E+25
Mrp:            4.858222E+22
Mtp:           -2.012693E+24
