 PDE 2010 08 16 03 30 53.30  -17.7600   65.6500   9.8 6.3 6.3 MAURITIUS - REUNION REGION
event name:   C201008160330A
time shift:           7.3163
half duration:        3.4000
latitude:           -17.7000
longitude:           65.4200
depth:               18.9000
Mrr:           -3.131322E+24
Mtt:           -3.166771E+25
Mpp:            3.485810E+25
Mrt:           -6.936172E+24
Mrp:           -1.796079E+24
Mtp:            1.855160E+25
