 PDE 2016 09 12 06 51 53.40  -28.7500 -112.3100  10.0 5.8 5.8 EASTER ISLAND REGION
event name:   C201609120651A
time shift:           4.3057
half duration:        2.0000
latitude:           -28.7600
longitude:         -112.6000
depth:               12.7000
Mrr:           -1.537944E+23
Mtt:           -6.151778E+24
Mpp:            6.300982E+24
Mrt:            1.009994E+23
Mrp:           -1.480558E+23
Mtp:           -5.245080E+24
