 PDE 2015 12 24 19 44 03.10  -55.7600 -123.1200  12.3 6.2 6.2 SOUTHERN EAST PACIFIC RISE
event name:   C201512241944A
time shift:           5.4508
half duration:        2.9000
latitude:           -56.0600
longitude:         -123.1100
depth:               12.1000
Mrr:           -3.935216E+23
Mtt:            1.340434E+25
Mpp:           -1.303540E+25
Mrt:           -3.799945E+24
Mrp:           -6.800546E+24
Mtp:            2.188964E+25
