 PDE 2011 01 27 08 38 28.70   28.1900   59.0100  12.0 6.2 6.2 SOUTHERN IRAN
event name:   C201101270838A
time shift:           2.7929
half duration:        3.1000
latitude:            28.0200
longitude:           59.0200
depth:               14.3000
Mrr:           -2.057442E+24
Mtt:            2.527417E+25
Mpp:           -2.318539E+25
Mrt:            2.130549E+24
Mrp:            5.190602E+24
Mtp:            4.302873E+24
