 PDE 2011 03 21 09 49 01.60   36.4900   70.9300 190.2 5.8 5.8 HINDU KUSH REGION, AFGHANISTAN
event name:   C201103210949A
time shift:           1.1300
half duration:        1.9000
latitude:            36.4700
longitude:           70.7300
depth:              194.3000
Mrr:            4.609143E+24
Mtt:           -5.422521E+24
Mpp:            8.057867E+23
Mrt:            3.416188E+24
Mrp:            3.145062E+24
Mtp:           -1.323096E+23
