 PDE 2012 09 26 23 39 55.10   51.5900 -178.2900  16.0 6.5 6.5 ANDREANOF ISLANDS, ALEUTIAN IS.
event name:   C201209262339A
time shift:           3.8871
half duration:        4.3000
latitude:            51.5600
longitude:         -178.0800
depth:               15.3000
Mrr:           -2.784429E+25
Mtt:           -1.732333E+25
Mpp:            4.516761E+25
Mrt:            3.664199E+25
Mrp:            1.786751E+25
Mtp:           -2.476056E+25
