 PDE 2011 03 01 00 53 46.30  -29.7000 -111.9800  10.0 6.0 6.1 EASTER ISLAND REGION
event name:   C201103010053A
time shift:           2.8973
half duration:        2.6000
latitude:           -29.6800
longitude:         -112.2600
depth:               19.9000
Mrr:           -4.440911E+23
Mtt:           -1.738299E+25
Mpp:            1.776365E+25
Mrt:           -4.085638E+24
Mrp:           -3.679613E+23
Mtp:            6.661367E+24
