 PDE 2016 02 15 19 28 04.20  -49.0500  164.4800  10.0 6.0 5.9 AUCKLAND ISLANDS, N.Z. REGION
event name:   C201602151928A
time shift:           6.7771
half duration:        2.3000
latitude:           -49.0300
longitude:          164.0300
depth:               18.0000
Mrr:            1.272940E+25
Mtt:            1.568671E+24
Mpp:           -1.427235E+25
Mrt:            2.584453E+24
Mrp:           -3.535941E+24
Mtp:           -2.005843E+24
