 PDE 2015 12 25 19 14 47.20   36.4900   71.1300 206.0 6.3 6.3 AFGHANISTAN-TAJIKISTAN BORD REG.
event name:   C201512251914A
time shift:           2.4473
half duration:        3.5000
latitude:            36.4600
longitude:           71.0600
depth:              213.7000
Mrr:            5.543735E+25
Mtt:           -3.070559E+25
Mpp:           -2.473174E+25
Mrt:            7.849642E+24
Mrp:           -7.562897E+24
Mtp:           -5.233093E+24
