 PDE 2011 10 23 20 45 34.90   38.6300   43.0800   5.0 6.0 6.0 TURKEY
event name:   C201110232045A
time shift:           4.0613
half duration:        2.3000
latitude:            38.5100
longitude:           43.0700
depth:               12.0000
Mrr:            9.007746E+24
Mtt:           -9.409714E+24
Mpp:            3.745615E+23
Mrt:            1.434295E+24
Mrp:           -1.132819E+24
Mtp:            3.170068E+24
