 PDE 2015 02 16 22 00 53.60  -55.5200  -28.2600  13.0 6.3 6.2 SOUTH SANDWICH ISLANDS REGION
event name:   C201502162200A
time shift:           7.3741
half duration:        3.3000
latitude:           -55.5000
longitude:          -28.1400
depth:               14.2000
Mrr:            1.699065E+25
Mtt:           -1.044925E+25
Mpp:           -6.592371E+24
Mrt:           -1.551246E+25
Mrp:            4.604466E+25
Mtp:            1.885961E+25
