 PDE 2013 01 08 14 16 09.00   39.6600   25.5400  12.9 5.8 5.8 AEGEAN SEA
event name:   C201301081416A
time shift:           2.4088
half duration:        2.0000
latitude:            39.6200
longitude:           25.6100
depth:               14.6000
Mrr:           -1.917581E+24
Mtt:            7.038392E+24
Mpp:           -5.120812E+24
Mrt:           -8.531055E+23
Mrp:           -1.732361E+23
Mtp:           -3.813370E+24
