 PDE 2016 07 26 05 49 19.10   -0.2700  -18.6400  10.0 6.0 5.9 CENTRAL MID-ATLANTIC RIDGE
event name:   C201607260549A
time shift:           5.6019
half duration:        2.4000
latitude:            -0.0900
longitude:          -18.6300
depth:               27.6000
Mrr:           -4.667565E+23
Mtt:            4.876377E+24
Mpp:           -4.421904E+24
Mrt:            3.255013E+24
Mrp:           -2.825104E+24
Mtp:           -1.252874E+25
