 PDE 2012 12 07 18 19 06.20  -38.4700  176.1000 163.0 6.3 6.4 NORTH ISLAND, NEW ZEALAND
event name:   C201212071819A
time shift:           5.8817
half duration:        3.6000
latitude:           -38.3100
longitude:          176.0800
depth:              165.1000
Mrr:            1.339832E+25
Mtt:            2.298326E+24
Mpp:           -1.566573E+25
Mrt:            3.483563E+25
Mrp:            5.977710E+24
Mtp:           -1.494427E+25
